1 0.73515625 0.02890625 0.0453125 0.0578125
1 0.65 0.02109375 0.034375 0.0421875
1 0.65078125 0.0796875 0.0390625 0.06875
1 0.69296875 0.15859375 0.0421875 0.0703125
1 0.6234375 0.18203125 0.046875 0.075
1 0.58203125 0.14921875 0.0359375 0.0671875
1 0.621875 0.2515625 0.04375 0.06875
1 0.54609375 0.24921875 0.0484375 0.0796875
1 0.51796875 0.20625 0.0421875 0.071875
1 0.47421875 0.2921875 0.0390625 0.06875
1 0.45703125 0.37890625 0.0421875 0.0734375
1 0.46875 0.43046875 0.040625 0.0703125
1 0.54375 0.46484375 0.03125 0.0828125
1 0.38046875 0.44453125 0.0421875 0.0765625
1 0.384375 0.5765625 0.0375 0.06875
1 0.2875 0.6078125 0.040625 0.071875
1 0.284375 0.68671875 0.04375 0.078125
1 0.221875 0.7171875 0.0375 0.06875
1 0.23359375 0.83828125 0.0484375 0.0796875
1 0.0765625 0.86328125 0.046875 0.0765625
1 0.0859375 0.93828125 0.046875 0.075
1 0.17109375 0.9578125 0.0453125 0.075
1 0.2453125 0.9828125 0.034375 0.034375
1 0.696875 0.9453125 0.040625 0.065625
1 0.51328125 0.68828125 0.0171875 0.0921875
1 0.1078125 0.01015625 0.025 0.0203125
1 0.13359375 0.06328125 0.0390625 0.0734375
1 0.18046875 0.15 0.0390625 0.075
1 0.15625 0.17890625 0.04375 0.0765625
3 0.1125 0.17734375 0.04375 0.0765625
1 0.16015625 0.28046875 0.046875 0.0828125
2 0.1484375 0.384375 0.015625 0.025
1 0.1671875 0.375 0.040625 0.06875
1 0.2265625 0.23671875 0.0375 0.06875
3 0.196875 0.271875 0.059375 0.1
3 0.5546875 0.7578125 0.03125 0.1125
2 0.65078125 0.909375 0.0171875 0.025
2 0.6375 0.88203125 0.015625 0.0203125
2 0.646875 0.87421875 0.015625 0.0203125
2 0.646875 0.85546875 0.01875 0.0203125
2 0.6578125 0.84296875 0.01875 0.0234375
2 0.66640625 0.821875 0.0171875 0.03125
2 0.67578125 0.80859375 0.0109375 0.0296875
2 0.68671875 0.7953125 0.015625 0.021875
2 0.70390625 0.8046875 0.0140625 0.021875
2 0.69921875 0.75859375 0.0140625 0.025
2 0.69453125 0.78046875 0.0140625 0.0171875
2 0.55703125 0.65703125 0.00625 0.0390625
2 0.3453125 0.5375 0.0171875 0.0265625
2 0.315625 0.5140625 0.015625 0.028125
2 0.0921875 0.79609375 0.015625 0.0296875
2 0.27421875 0.2875 0.0140625 0.028125
2 0.284375 0.3296875 0.015625 0.028125
2 0.26953125 0.34609375 0.0140625 0.0328125
2 0.24765625 0.3859375 0.015625 0.028125
2 0.24140625 0.39921875 0.0140625 0.0265625
2 0.23359375 0.41015625 0.0125 0.028125
2 0.221875 0.40859375 0.009375 0.0328125
2 0.209375 0.41015625 0.0109375 0.03125
2 0.21015625 0.43984375 0.0109375 0.0234375
2 0.19765625 0.4296875 0.0078125 0.03125
2 0.20078125 0.4625 0.0140625 0.0171875
2 0.1875 0.4625 0.009375 0.021875
2 0.1859375 0.440625 0.0125 0.015625
2 0.1515625 0.50546875 0.009375 0.0375
2 0.63984375 0.38359375 0.0203125 0.0234375
2 0.6578125 0.41328125 0.021875 0.01875
2 0.6921875 0.41640625 0.021875 0.0265625
3 0.1125 0.28203125 0.059375 0.10625
2 0.2875 0.90546875 0.0125 0.0234375
2 0.2953125 0.9234375 0.015625 0.028125
2 0.31015625 0.92890625 0.0171875 0.0296875
2 0.31875 0.953125 0.015625 0.0265625
2 0.328125 0.96875 0.015625 0.025
2 0.32734375 0.9875 0.015625 0.01875
2 0.340625 0.98828125 0.015625 0.0234375
2 0.290625 0.95546875 0.015625 0.028125
2 0.29140625 0.9765625 0.0171875 0.025
2 0.27421875 0.98671875 0.0140625 0.0265625
2 0.27890625 0.95078125 0.009375 0.03125
2 0.59609375 0.37578125 0.0078125 0.0328125