1 0.7859375 0.125 0.075 0.04375
1 0.96484375 0.26796875 0.0671875 0.0390625
1 0.9296875 0.34140625 0.078125 0.0453125
1 0.809375 0.36796875 0.065625 0.0359375
2 0.85234375 0.3703125 0.034375 0.01875
1 0.8140625 0.4640625 0.071875 0.040625
1 0.79296875 0.4265625 0.065625 0.0390625
1 0.67890625 0.546875 0.065625 0.040625
1 0.640625 0.4796875 0.065625 0.0359375
1 0.67421875 0.50234375 0.075 0.040625
2 0.73515625 0.5375 0.0328125 0.015625
1 0.58203125 0.56640625 0.0703125 0.040625
1 0.50390625 0.57265625 0.078125 0.046875
1 0.5203125 0.64609375 0.065625 0.0359375
1 0.440625 0.64609375 0.071875 0.0421875
1 0.4125 0.58515625 0.06875 0.0421875
2 0.47890625 0.69375 0.0296875 0.01875
1 0.28359375 0.6734375 0.071875 0.04375
1 0.2984375 0.7265625 0.06875 0.040625
1 0.3015625 0.77890625 0.078125 0.0421875
1 0.1859375 0.79609375 0.084375 0.05
1 0.18828125 0.83828125 0.0703125 0.0421875
1 0.1046875 0.796875 0.078125 0.046875
1 0.03203125 0.896875 0.0640625 0.04375
1 0.03828125 0.9375 0.0765625 0.04375
2 0.07109375 0.68828125 0.0296875 0.0140625
2 0.0234375 0.70390625 0.034375 0.01875
2 0.0453125 0.70546875 0.028125 0.0140625
2 0.08046875 0.70078125 0.0296875 0.0140625
2 0.09609375 0.7078125 0.0296875 0.0171875
2 0.05078125 0.71875 0.0375 0.0125
2 0.08828125 0.72265625 0.0296875 0.0140625
1 0.0171875 0.7515625 0.034375 0.034375
2 0.0125 0.7234375 0.025 0.015625
2 0.0484375 0.678125 0.028125 0.01875
2 0.0140625 0.67109375 0.025 0.0140625
2 0.03046875 0.6703125 0.028125 0.015625
2 0.0125 0.65859375 0.025 0.0171875
2 0.66953125 0.71328125 0.03125 0.0140625
2 0.7109375 0.7234375 0.028125 0.0125
2 0.6546875 0.72890625 0.028125 0.0140625
2 0.61171875 0.74921875 0.0296875 0.0140625
2 0.59765625 0.7578125 0.028125 0.0125
2 0.58828125 0.7640625 0.0328125 0.0125
2 0.5921875 0.77734375 0.025 0.0140625
2 0.590625 0.78671875 0.03125 0.0109375
2 0.56953125 0.79921875 0.028125 0.0125
2 0.55859375 0.7859375 0.0296875 0.015625
2 0.5359375 0.79453125 0.034375 0.0140625
2 0.53359375 0.80859375 0.03125 0.015625
2 0.559375 0.81171875 0.025 0.015625
2 0.559375 0.8234375 0.028125 0.015625
2 0.61171875 0.8484375 0.0296875 0.015625
1 0.6234375 0.83125 0.071875 0.0375
1 0.7625 0.76875 0.06875 0.0375
1 0.85078125 0.81640625 0.0703125 0.0421875
1 0.821875 0.84140625 0.06875 0.0421875
1 0.81953125 0.884375 0.075 0.0453125
2 0.87421875 0.890625 0.0296875 0.015625
3 0.71640625 0.88515625 0.1078125 0.0609375
3 0.7234375 0.8015625 0.103125 0.059375
1 0.71640625 0.83671875 0.084375 0.0484375
1 0.934375 0.86328125 0.075 0.0421875
1 0.9875 0.890625 0.025 0.028125
1 0.109375 0.43046875 0.084375 0.0328125
2 0.09140625 0.4015625 0.0375 0.015625
1 0.05625 0.29921875 0.059375 0.0359375
3 0.0375 0.36171875 0.075 0.0609375
2 0.090625 0.34765625 0.028125 0.0171875
2 0.11796875 0.3609375 0.025 0.015625
2 0.11875 0.33359375 0.025 0.015625
2 0.1265625 0.35078125 0.021875 0.015625
2 0.1453125 0.35078125 0.021875 0.0171875
2 0.15390625 0.3375 0.021875 0.015625
2 0.13984375 0.31953125 0.021875 0.015625
2 0.17421875 0.32890625 0.021875 0.0171875
2 0.18984375 0.32109375 0.0265625 0.015625
2 0.2078125 0.3140625 0.025 0.015625
2 0.18828125 0.2921875 0.03125 0.0125
2 0.2 0.278125 0.025 0.0125
2 0.225 0.303125 0.028125 0.015625
2 0.24296875 0.29765625 0.028125 0.0140625