1 0.025 0.35625 0.05 0.0375
1 0.0890625 0.35390625 0.0640625 0.040625
1 0.15703125 0.421875 0.0671875 0.0375
1 0.034375 0.2703125 0.06875 0.05
1 0.1625 0.3109375 0.075 0.04375
1 0.19140625 0.3828125 0.0734375 0.046875
1 0.2625 0.38203125 0.06875 0.0453125
1 0.2609375 0.46015625 0.0796875 0.05
1 0.21328125 0.4859375 0.0765625 0.046875
1 0.30234375 0.53203125 0.0671875 0.0390625
1 0.38984375 0.55078125 0.06875 0.0421875
1 0.44375 0.5375 0.0703125 0.0421875
1 0.4546875 0.625 0.075 0.04375
1 0.59140625 0.62265625 0.0703125 0.0375
1 0.61953125 0.71875 0.075 0.040625
1 0.6984375 0.721875 0.075 0.04375
1 0.7265625 0.78359375 0.071875 0.0390625
1 0.85390625 0.7765625 0.0796875 0.046875
1 0.96640625 0.83828125 0.0671875 0.046875
1 0.953125 0.921875 0.078125 0.04375
1 0.87265625 0.92734375 0.078125 0.0421875
1 0.234375 0.77265625 0.0625 0.0359375
1 0.01171875 0.89375 0.0234375 0.03125
1 0.06328125 0.8671875 0.0703125 0.0375
1 0.1484375 0.81875 0.0703125 0.040625
1 0.1796875 0.84375 0.078125 0.04375
1 0.178125 0.8875 0.075 0.04375
3 0.2734375 0.803125 0.10625 0.059375
1 0.27890625 0.83984375 0.0828125 0.0453125
2 0.3859375 0.85078125 0.028125 0.0140625
3 0.2828125 0.88671875 0.10625 0.0609375
1 0.37421875 0.8328125 0.071875 0.0375
1 0.47734375 0.45859375 0.0828125 0.0296875
1 0.7 0.48671875 0.09375 0.0234375
1 0.94609375 0.303125 0.0671875 0.0375
1 0.98359375 0.753125 0.0328125 0.03125
3 0.76484375 0.44375 0.1109375 0.03125
2 0.5265625 0.69140625 0.028125 0.015625
2 0.54921875 0.66171875 0.028125 0.01875
2 0.6640625 0.44296875 0.034375 0.0078125
2 0.9875 0.725 0.025 0.015625
2 0.95546875 0.70859375 0.0296875 0.0140625
2 0.978125 0.7078125 0.025 0.015625
2 0.95 0.7203125 0.03125 0.0125
2 0.93359375 0.73828125 0.025 0.0171875
2 0.9046875 0.7125 0.025 0.015625
2 0.92265625 0.70390625 0.025 0.0171875
2 0.928125 0.68984375 0.028125 0.0140625
2 0.95234375 0.68125 0.0265625 0.015625
2 0.9875 0.67421875 0.015625 0.0171875
2 0.99140625 0.6625 0.0171875 0.0125
2 0.99609375 0.65 0.0078125 0.009375
2 0.96640625 0.67109375 0.025 0.0140625
2 0.87265625 0.35390625 0.0203125 0.0171875
2 0.85390625 0.35390625 0.025 0.01875
2 0.8453125 0.34140625 0.021875 0.0171875
2 0.88203125 0.36328125 0.021875 0.015625
2 0.909375 0.34921875 0.025 0.0171875
2 0.7796875 0.30390625 0.021875 0.0125
2 0.81015625 0.29453125 0.028125 0.0140625
2 0.75546875 0.3015625 0.0296875 0.015625
2 0.79453125 0.31484375 0.0234375 0.0140625
2 0.8109375 0.32421875 0.025 0.0171875
2 0.82265625 0.33359375 0.0296875 0.01875
2 0.38359375 0.40390625 0.0359375 0.0109375
2 0.37890625 0.35546875 0.021875 0.01875
2 0.4109375 0.33515625 0.01875 0.01875
2 0.4140625 0.3015625 0.021875 0.015625
2 0.52265625 0.846875 0.0375 0.00625
2 0.80703125 0.91328125 0.0296875 0.0171875
2 0.2875 0.72578125 0.028125 0.0140625
2 0.33046875 0.71640625 0.0265625 0.0140625
2 0.3453125 0.73046875 0.03125 0.0140625
2 0.39921875 0.759375 0.028125 0.0125
2 0.409375 0.76640625 0.028125 0.0125
2 0.40625 0.77890625 0.03125 0.0109375
2 0.41015625 0.7890625 0.028125 0.0125
2 0.4390625 0.78984375 0.025 0.009375
2 0.42890625 0.80234375 0.0265625 0.0109375
2 0.46328125 0.79765625 0.0265625 0.0140625
2 0.4625 0.8125 0.01875 0.0125
2 0.4359375 0.8171875 0.009375 0.015625
2 0.384375 0.75234375 0.025 0.0171875