1 0.125 0.2140625 0.0421875 0.07421875
1 0.26796875 0.03515625 0.03984375 0.0671875
1 0.34140625 0.0703125 0.0453125 0.078125
1 0.36796875 0.190625 0.0359375 0.065625
2 0.3703125 0.14765625 0.01875 0.034375
1 0.4640625 0.1859375 0.0421875 0.0703125
1 0.4265625 0.20703125 0.0390625 0.065625
1 0.546875 0.32109375 0.03984375 0.065625
1 0.4796875 0.359375 0.0359375 0.065625
1 0.50234375 0.32578125 0.04140625 0.07578125
2 0.5375 0.26484375 0.01484375 0.0328125
1 0.56640625 0.41796875 0.040625 0.0703125
1 0.57265625 0.49609375 0.046875 0.078125
1 0.64609375 0.4796875 0.03671875 0.06484375
1 0.64609375 0.559375 0.04140625 0.07109375
1 0.58515625 0.5875 0.0421875 0.06875
2 0.69375 0.52109375 0.0171875 0.03046875
1 0.6734375 0.71640625 0.04375 0.07265625
1 0.7265625 0.7015625 0.03984375 0.06953125
1 0.77890625 0.6984375 0.04296875 0.07890625
1 0.79609375 0.8140625 0.05 0.08359375
1 0.83828125 0.81171875 0.04140625 0.07109375
1 0.796875 0.8953125 0.04609375 0.078125
1 0.896875 0.96796875 0.0421875 0.06328125
1 0.9375 0.96171875 0.04375 0.0765625
2 0.68828125 0.92890625 0.0140625 0.0296875
2 0.70390625 0.9765625 0.01875 0.03359375
2 0.70546875 0.9546875 0.01484375 0.0296875
2 0.70078125 0.91953125 0.01484375 0.03046875
2 0.7078125 0.90390625 0.0171875 0.0296875
2 0.71875 0.94921875 0.01328125 0.0375
2 0.72265625 0.91171875 0.01484375 0.0296875
1 0.7515625 0.9828125 0.034375 0.034375
2 0.7234375 0.9875 0.01640625 0.025
2 0.678125 0.9515625 0.01953125 0.0296875
2 0.67109375 0.9859375 0.01328125 0.02421875
2 0.6703125 0.96953125 0.015625 0.028125
2 0.65859375 0.9875 0.0171875 0.025
2 0.71328125 0.33046875 0.0140625 0.03125
2 0.7234375 0.2890625 0.01328125 0.02890625
2 0.72890625 0.3453125 0.01484375 0.028125
2 0.74921875 0.38828125 0.0140625 0.0296875
2 0.7578125 0.40234375 0.01328125 0.02734375
2 0.7640625 0.41171875 0.0125 0.0328125
2 0.77734375 0.4078125 0.01328125 0.025
2 0.78671875 0.409375 0.01171875 0.03046875
2 0.79921875 0.43046875 0.01171875 0.02890625
2 0.7859375 0.44140625 0.01484375 0.0296875
2 0.79453125 0.4640625 0.01484375 0.0328125
2 0.80859375 0.46640625 0.01640625 0.03125
2 0.81171875 0.440625 0.015625 0.02421875
2 0.8234375 0.440625 0.0171875 0.02890625
2 0.8484375 0.38828125 0.01484375 0.02890625
1 0.83125 0.3765625 0.0390625 0.071875
1 0.76875 0.2375 0.0375 0.06875
1 0.81640625 0.14921875 0.04296875 0.0703125
1 0.84140625 0.178125 0.04296875 0.0703125
1 0.884375 0.18046875 0.0453125 0.075
2 0.890625 0.12578125 0.015625 0.02890625
3 0.88515625 0.28359375 0.06171875 0.1078125
3 0.8015625 0.2765625 0.059375 0.10234375
1 0.83671875 0.28359375 0.04765625 0.084375
1 0.86328125 0.065625 0.04140625 0.07421875
1 0.890625 0.0125 0.02734375 0.02421875
1 0.43046875 0.890625 0.0328125 0.08515625
2 0.4015625 0.90859375 0.0140625 0.0375
1 0.29921875 0.94375 0.0359375 0.059375
3 0.36171875 0.9625 0.0609375 0.075
2 0.34765625 0.909375 0.01640625 0.02890625
2 0.3609375 0.88203125 0.0140625 0.025
2 0.33359375 0.88125 0.01640625 0.02421875
2 0.35078125 0.8734375 0.015625 0.021875
2 0.35078125 0.8546875 0.01640625 0.02265625
2 0.3375 0.84609375 0.01484375 0.021875
2 0.31953125 0.86015625 0.015625 0.021875
2 0.32890625 0.82578125 0.01640625 0.021875
2 0.32109375 0.81015625 0.015625 0.0265625
2 0.3140625 0.7921875 0.015625 0.02578125
2 0.2921875 0.81171875 0.01328125 0.03125
2 0.278125 0.8 0.01328125 0.025
2 0.303125 0.775 0.01640625 0.02890625
2 0.29765625 0.75703125 0.0140625 0.02890625