1 0.52890625 0.4578125 0.0921875 0.03125
1 0.56171875 0.5359375 0.0734375 0.040625
1 0.6203125 0.546875 0.075 0.040625
2 0.190625 0.29765625 0.03125 0.0140625
3 0.2359375 0.44296875 0.115625 0.0328125
1 0.30234375 0.4859375 0.1015625 0.021875
2 0.66953125 0.71796875 0.028125 0.0125
2 0.14140625 0.71796875 0.0359375 0.0203125
1 0.70390625 0.52890625 0.0671875 0.0390625
1 0.73984375 0.459375 0.0796875 0.05
1 0.790625 0.48671875 0.075 0.040625
1 0.846875 0.41953125 0.06875 0.040625
1 0.7421875 0.38046875 0.06875 0.0421875
1 0.81328125 0.3796875 0.0765625 0.05
1 0.83984375 0.31015625 0.0703125 0.0453125
1 0.91875 0.35234375 0.06875 0.0421875
1 0.96796875 0.26796875 0.0640625 0.0484375
1 0.98046875 0.3515625 0.0390625 0.0375
2 0.33671875 0.44453125 0.040625 0.009375
1 0.41796875 0.61875 0.0671875 0.0375
1 0.55078125 0.62265625 0.0765625 0.0421875
3 0.715625 0.8859375 0.1125 0.0671875
3 0.82265625 0.884375 0.0796875 0.05
1 0.821875 0.84375 0.078125 0.04375
1 0.934375 0.86484375 0.078125 0.0421875
1 0.846875 0.8171875 0.08125 0.046875
1 0.76171875 0.7703125 0.0734375 0.040625
3 0.72734375 0.803125 0.1046875 0.059375
1 0.98828125 0.8921875 0.0234375 0.040625
2 0.71328125 0.72578125 0.0296875 0.015625
2 0.6546875 0.73046875 0.03125 0.015625
2 0.6125 0.75 0.0375 0.01875
2 0.596875 0.75859375 0.03125 0.015625
2 0.58828125 0.765625 0.0359375 0.015625
2 0.590625 0.778125 0.03125 0.015625
2 0.58828125 0.7875 0.034375 0.0171875
2 0.5546875 0.78671875 0.034375 0.0171875
2 0.57109375 0.80234375 0.0296875 0.0140625
2 0.534375 0.796875 0.03125 0.015625
2 0.5609375 0.82421875 0.03125 0.021875
2 0.53671875 0.809375 0.0453125 0.01875
1 0.6234375 0.8328125 0.078125 0.040625
2 0.6109375 0.84765625 0.034375 0.01875
2 0.478125 0.68828125 0.0375 0.0171875
2 0.45625 0.6578125 0.03125 0.01875
1 0.38671875 0.71484375 0.078125 0.040625
1 0.30859375 0.71796875 0.075 0.0453125
1 0.28125 0.78125 0.071875 0.040625
1 0.15546875 0.77109375 0.0828125 0.0484375
2 0.58359375 0.3046875 0.03125 0.01875
2 0.5859375 0.33828125 0.025 0.0203125
2 0.61875 0.3578125 0.034375 0.01875
2 0.62109375 0.40390625 0.0375 0.0125
2 0.21796875 0.303125 0.034375 0.01875
2 0.24296875 0.30078125 0.0375 0.0171875
2 0.20703125 0.3140625 0.0328125 0.015625
2 0.1921875 0.3234375 0.028125 0.015625
2 0.17578125 0.33203125 0.0359375 0.0171875
2 0.15703125 0.340625 0.0328125 0.015625
2 0.1453125 0.353125 0.025 0.01875
2 0.1265625 0.353125 0.021875 0.015625
2 0.11875 0.36328125 0.0234375 0.015625
2 0.090625 0.34921875 0.025 0.0140625
1 0.0546875 0.3015625 0.06875 0.040625
1 0.1328125 0.92578125 0.08125 0.0453125
1 0.05390625 0.9171875 0.0765625 0.05
1 0.03671875 0.83359375 0.0734375 0.046875
2 0.06484375 0.73828125 0.0265625 0.0171875
2 0.0484375 0.7203125 0.03125 0.015625
2 0.09453125 0.71171875 0.0265625 0.0140625
2 0.078125 0.70390625 0.028125 0.0171875
2 0.071875 0.68984375 0.03125 0.0171875
2 0.04375 0.7078125 0.034375 0.015625
2 0.02421875 0.70625 0.03125 0.01875
2 0.01484375 0.7265625 0.0296875 0.01875
2 0.04765625 0.68125 0.03125 0.01875
2 0.03203125 0.671875 0.0265625 0.01875
2 0.01171875 0.65859375 0.0234375 0.0171875
2 0.0140625 0.67265625 0.025 0.0171875
2 0.19765625 0.91015625 0.0359375 0.0171875