1 0.89296875 0.0109375 0.02578125 0.02109375
1 0.865625 0.0640625 0.040625 0.075
3 0.8875 0.17734375 0.04296875 0.0734375
1 0.84296875 0.17890625 0.04296875 0.0765625
1 0.81953125 0.1484375 0.0375 0.0734375
1 0.77421875 0.2359375 0.03515625 0.06640625
1 0.840625 0.2796875 0.04296875 0.08203125
3 0.80390625 0.27265625 0.0578125 0.103125
3 0.88671875 0.28125 0.0609375 0.103125
2 0.85078125 0.38359375 0.01328125 0.025
1 0.83203125 0.37421875 0.0390625 0.06953125
2 0.725 0.290625 0.0109375 0.0234375
2 0.715625 0.33046875 0.0140625 0.02265625
2 0.7296875 0.3453125 0.01484375 0.028125
2 0.75078125 0.38515625 0.015625 0.0265625
2 0.7578125 0.3984375 0.015625 0.021875
2 0.765625 0.4078125 0.0140625 0.02265625
2 0.778125 0.4078125 0.01171875 0.02890625
2 0.7890625 0.40859375 0.009375 0.02890625
2 0.79453125 0.46484375 0.0171875 0.02109375
2 0.78828125 0.440625 0.0171875 0.02109375
2 0.81015625 0.44140625 0.01484375 0.01640625
2 0.803125 0.428125 0.009375 0.02265625
1 0.90625 0.79453125 0.01484375 0.03125
1 0.9234375 0.86171875 0.04453125 0.075
1 0.91171875 0.93515625 0.04453125 0.0734375
1 0.82734375 0.953125 0.04453125 0.07734375
1 0.7640625 0.83359375 0.04765625 0.07890625
1 0.77578125 0.7125 0.03984375 0.06875
1 0.71328125 0.6828125 0.04296875 0.07578125
1 0.7546875 0.984375 0.03359375 0.03125
2 0.74140625 0.9375 0.0140625 0.025
2 0.7203125 0.953125 0.01171875 0.02890625
2 0.7125 0.9046875 0.01484375 0.02578125
2 0.70234375 0.91796875 0.0140625 0.0203125
2 0.690625 0.928125 0.015625 0.0296875
2 0.68203125 0.95078125 0.015625 0.02734375
2 0.67265625 0.96875 0.0140625 0.02734375
2 0.67265625 0.98515625 0.01796875 0.01953125
2 0.659375 0.98828125 0.01484375 0.0203125
2 0.7078125 0.95390625 0.0140625 0.02578125
2 0.7078125 0.9734375 0.01796875 0.0265625
2 0.30703125 0.77578125 0.0109375 0.021875
2 0.30234375 0.75390625 0.015625 0.03125
2 0.29453125 0.81015625 0.0140625 0.0265625
2 0.3140625 0.7953125 0.01640625 0.021875
2 0.32265625 0.80859375 0.01484375 0.01875
2 0.33203125 0.82265625 0.01796875 0.0203125
2 0.34140625 0.84609375 0.01640625 0.021875
2 0.35234375 0.85625 0.0171875 0.021875
2 0.353125 0.8734375 0.015625 0.021875
2 0.3625 0.88203125 0.015625 0.0234375
2 0.35 0.90703125 0.01640625 0.01640625
1 0.303125 0.94609375 0.0390625 0.06796875
2 0.31015625 0.41875 0.015625 0.02109375
2 0.34296875 0.4140625 0.01875 0.0203125
2 0.3625 0.38515625 0.01875 0.02421875
2 0.40390625 0.37421875 0.00859375 0.0328125
2 0.44375 0.65625 0.00859375 0.034375
2 0.68203125 0.51171875 0.015625 0.0296875
2 0.6515625 0.534375 0.01796875 0.02734375
1 0.26328125 0.02890625 0.046875 0.05625
1 0.35078125 0.0203125 0.03515625 0.040625
1 0.34765625 0.07734375 0.0390625 0.0640625
1 0.30546875 0.15625 0.04453125 0.06875
1 0.37421875 0.17890625 0.04765625 0.07734375
1 0.37734375 0.25 0.0421875 0.0703125
1 0.41640625 0.14609375 0.0359375 0.06640625
1 0.45234375 0.246875 0.04921875 0.0765625
1 0.52421875 0.290625 0.0390625 0.065625
1 0.54140625 0.37734375 0.04140625 0.0734375
1 0.52890625 0.428125 0.0421875 0.07265625
1 0.61875 0.44296875 0.04296875 0.07578125
1 0.71171875 0.60390625 0.040625 0.07421875
1 0.61484375 0.575 0.03671875 0.06796875
1 0.48671875 0.684375 0.01796875 0.09140625
1 0.45546875 0.46171875 0.03046875 0.08359375
3 0.446875 0.75703125 0.028125 0.115625
2 0.84921875 0.50546875 0.00546875 0.040625