1 0.35625 0.025 0.03671875 0.04921875
1 0.35390625 0.0890625 0.03984375 0.0640625
1 0.421875 0.15703125 0.03828125 0.0671875
1 0.2703125 0.034375 0.05 0.06875
1 0.3109375 0.1625 0.04296875 0.0734375
1 0.3828125 0.19140625 0.046875 0.0734375
1 0.38203125 0.2625 0.04609375 0.06796875
1 0.46015625 0.2609375 0.04921875 0.0796875
1 0.4859375 0.21328125 0.0453125 0.07578125
1 0.53203125 0.30234375 0.03828125 0.0671875
1 0.55078125 0.38984375 0.0421875 0.06875
1 0.5375 0.44375 0.0421875 0.0703125
1 0.625 0.4546875 0.04296875 0.07578125
1 0.62265625 0.59140625 0.0375 0.06953125
1 0.71875 0.61953125 0.040625 0.07421875
1 0.721875 0.6984375 0.04375 0.075
1 0.78359375 0.7265625 0.03984375 0.07109375
1 0.7765625 0.85390625 0.04765625 0.08046875
1 0.83828125 0.96640625 0.046875 0.0671875
1 0.921875 0.953125 0.0453125 0.078125
1 0.92734375 0.87265625 0.0421875 0.07734375
1 0.77265625 0.234375 0.03515625 0.0625
1 0.89375 0.01171875 0.0296875 0.0234375
1 0.8671875 0.06328125 0.0375 0.07109375
1 0.81875 0.1484375 0.03984375 0.0703125
1 0.84375 0.1796875 0.04296875 0.07734375
1 0.8875 0.178125 0.04296875 0.07578125
3 0.803125 0.2734375 0.059375 0.10703125
1 0.83984375 0.27890625 0.04453125 0.08359375
2 0.85078125 0.3859375 0.01484375 0.0265625
3 0.88671875 0.2828125 0.0609375 0.10625
1 0.8328125 0.37421875 0.03828125 0.07109375
1 0.45859375 0.47734375 0.0296875 0.08359375
1 0.48671875 0.7 0.02265625 0.0921875
1 0.303125 0.94609375 0.0390625 0.0671875
1 0.753125 0.98359375 0.03125 0.0328125
3 0.44375 0.76484375 0.03125 0.1109375
2 0.69140625 0.5265625 0.01640625 0.02890625
2 0.66171875 0.54921875 0.01796875 0.02734375
2 0.44296875 0.6640625 0.0078125 0.034375
2 0.725 0.9875 0.015625 0.025
2 0.70859375 0.95546875 0.01484375 0.0296875
2 0.7078125 0.978125 0.015625 0.02578125
2 0.7203125 0.95 0.0125 0.0296875
2 0.73828125 0.93359375 0.01640625 0.025
2 0.7125 0.9046875 0.01484375 0.025
2 0.70390625 0.92265625 0.0171875 0.02578125
2 0.68984375 0.928125 0.01484375 0.028125
2 0.68125 0.95234375 0.015625 0.0265625
2 0.67421875 0.9875 0.01640625 0.01640625
2 0.6625 0.99140625 0.0125 0.0171875
2 0.65 0.99609375 0.00859375 0.00703125
2 0.67109375 0.96640625 0.0140625 0.025
2 0.35390625 0.87265625 0.01640625 0.0203125
2 0.35390625 0.85390625 0.01796875 0.02421875
2 0.34140625 0.8453125 0.0171875 0.021875
2 0.36328125 0.88203125 0.015625 0.02265625
2 0.34921875 0.909375 0.01640625 0.02578125
2 0.30390625 0.7796875 0.01171875 0.02109375
2 0.29453125 0.81015625 0.01328125 0.028125
2 0.3015625 0.75546875 0.015625 0.03046875
2 0.31484375 0.79453125 0.0140625 0.0234375
2 0.32421875 0.8109375 0.01640625 0.025
2 0.33359375 0.82265625 0.01875 0.0296875
2 0.40390625 0.38359375 0.01171875 0.03515625
2 0.35546875 0.37890625 0.01875 0.021875
2 0.33515625 0.4109375 0.01953125 0.01875
2 0.3015625 0.4140625 0.01640625 0.02265625
2 0.846875 0.52265625 0.00703125 0.0375
2 0.91328125 0.80703125 0.01640625 0.03046875
2 0.72578125 0.2875 0.01328125 0.02890625
2 0.71640625 0.33046875 0.0140625 0.02734375
2 0.73046875 0.3453125 0.01484375 0.03125
2 0.759375 0.39921875 0.0140625 0.028125
2 0.76640625 0.409375 0.0125 0.028125
2 0.77890625 0.40625 0.01171875 0.0296875
2 0.7890625 0.41015625 0.01171875 0.028125
2 0.78984375 0.4390625 0.00859375 0.02421875
2 0.80234375 0.42890625 0.0109375 0.0265625
2 0.79765625 0.46328125 0.01328125 0.02578125
2 0.8125 0.4625 0.0125 0.01953125
2 0.8171875 0.4359375 0.0171875 0.0109375
2 0.75234375 0.384375 0.01640625 0.02578125