2 0.303125 0.41484375 0.0203125 0.03671875
2 0.3375 0.4125 0.0203125 0.0265625
2 0.35703125 0.38125 0.0234375 0.028125
2 0.3890625 0.35546875 0.01796875 0.03046875
2 0.403125 0.37890625 0.01015625 0.03515625
2 0.3015625 0.7546875 0.01640625 0.03515625
2 0.30390625 0.78125 0.01484375 0.01953125
2 0.2953125 0.8078125 0.0171875 0.0375
2 0.31328125 0.79609375 0.01796875 0.03046875
2 0.32109375 0.81328125 0.01875 0.034375
2 0.3328125 0.82421875 0.0171875 0.03125
2 0.34140625 0.84140625 0.01875 0.02890625
2 0.353125 0.85234375 0.01796875 0.02578125
2 0.35390625 0.8734375 0.0171875 0.02109375
2 0.3640625 0.88125 0.01640625 0.02265625
2 0.34921875 0.91015625 0.01640625 0.02734375
3 0.88671875 0.178125 0.04609375 0.07890625
1 0.84375 0.17890625 0.04375 0.07734375
1 0.81875 0.14921875 0.0421875 0.07578125
1 0.86484375 0.0640625 0.0421875 0.07890625
1 0.89296875 0.0109375 0.0265625 0.021875
3 0.8859375 0.28203125 0.0625 0.1078125
1 0.8390625 0.28046875 0.046875 0.08359375
3 0.80390625 0.27265625 0.06015625 0.10390625
1 0.771875 0.2375 0.040625 0.071875
1 0.83359375 0.37421875 0.040625 0.07109375
2 0.85 0.38515625 0.0171875 0.02578125
2 0.72578125 0.28828125 0.01484375 0.0296875
2 0.715625 0.32890625 0.015625 0.03359375
2 0.73046875 0.34453125 0.01640625 0.03046875
2 0.75234375 0.38359375 0.015625 0.02421875
2 0.759375 0.4 0.015625 0.02734375
2 0.7671875 0.409375 0.0125 0.0265625
2 0.77890625 0.4078125 0.01328125 0.02890625
2 0.7875 0.4109375 0.015625 0.03046875
2 0.8015625 0.4265625 0.0125 0.021875
2 0.79140625 0.43671875 0.009375 0.01796875
2 0.81484375 0.43828125 0.0171875 0.02421875
2 0.83046875 0.4375 0.01328125 0.02265625
2 0.846875 0.515625 0.0109375 0.03515625
2 0.81171875 0.46484375 0.0140625 0.02578125
2 0.80078125 0.46015625 0.009375 0.01953125
2 0.91171875 0.8046875 0.01640625 0.0296875
1 0.9265625 0.86953125 0.0453125 0.08125
1 0.9203125 0.94921875 0.046875 0.07890625
1 0.83515625 0.96484375 0.04453125 0.0703125
1 0.7734375 0.84921875 0.0484375 0.078125
2 0.73828125 0.9328125 0.01640625 0.02890625
2 0.7125 0.90625 0.0140625 0.021875
2 0.70390625 0.92265625 0.0171875 0.02890625
2 0.7203125 0.95078125 0.01171875 0.03203125
2 0.68984375 0.92734375 0.015625 0.0265625
2 0.70859375 0.95546875 0.01328125 0.03125
2 0.7078125 0.97421875 0.015625 0.02734375
2 0.725 0.98828125 0.0140625 0.0234375
2 0.68046875 0.95234375 0.0171875 0.02734375
2 0.671875 0.96953125 0.01640625 0.02734375
2 0.6734375 0.9890625 0.01484375 0.021875
2 0.6578125 0.9890625 0.01796875 0.021875
1 0.7546875 0.9828125 0.034375 0.03359375
1 0.78203125 0.7234375 0.0421875 0.07265625
1 0.7171875 0.61484375 0.04296875 0.0765625
1 0.7203125 0.69453125 0.04296875 0.07421875
1 0.62109375 0.58671875 0.03984375 0.071875
1 0.303125 0.94453125 0.040625 0.06953125
1 0.26875 0.03359375 0.0484375 0.06640625
1 0.3546875 0.02578125 0.0390625 0.04921875
1 0.353125 0.0859375 0.0421875 0.065625
1 0.42109375 0.15546875 0.0375 0.06796875
1 0.31015625 0.16171875 0.04375 0.07109375
1 0.38125 0.18984375 0.04765625 0.078125
1 0.38125 0.25703125 0.04375 0.07109375
3 0.459375 0.25703125 0.05 0.08203125
1 0.4859375 0.21171875 0.046875 0.07890625
1 0.5296875 0.29921875 0.0390625 0.06875
1 0.546875 0.38671875 0.0421875 0.07421875
1 0.5359375 0.440625 0.04296875 0.07421875
1 0.4578125 0.47421875 0.03125 0.0828125
1 0.6234375 0.45234375 0.04375 0.07578125
1 0.4859375 0.69765625 0.0234375 0.0921875
3 0.44453125 0.7625 0.0328125 0.1125
2 0.659375 0.5453125 0.01875 0.028125
2 0.6890625 0.5234375 0.01796875 0.0328125
2 0.44296875 0.6625 0.009375 0.03125