2 0.29140625 0.4078125 0.0140625 0.03125
2 0.325 0.40625 0.0125 0.03125
2 0.34921875 0.3734375 0.0171875 0.028125
2 0.4015625 0.3921875 0.009375 0.028125
2 0.29453125 0.81328125 0.0140625 0.028125
2 0.3 0.76015625 0.015625 0.0296875
2 0.34921875 0.90859375 0.015625 0.0265625
2 0.3640625 0.88125 0.015625 0.021875
2 0.353125 0.87421875 0.0125 0.0203125
2 0.35234375 0.85703125 0.0140625 0.021875
2 0.33984375 0.8453125 0.0140625 0.021875
2 0.33125 0.828125 0.0125 0.025
2 0.3234375 0.81171875 0.0125 0.0203125
2 0.31484375 0.7953125 0.015625 0.021875
2 0.30234375 0.784375 0.0125 0.021875
3 0.4421875 0.77265625 0.0328125 0.1125
1 0.484375 0.71875 0.021875 0.0875
2 0.44296875 0.6734375 0.009375 0.034375
1 0.39140625 0.2765625 0.0421875 0.08125
1 0.39375 0.20859375 0.046875 0.0859375
1 0.31796875 0.1734375 0.0421875 0.084375
1 0.2796875 0.046875 0.046875 0.078125
1 0.3625 0.09765625 0.0375 0.0734375
1 0.365625 0.03359375 0.0375 0.065625
1 0.42890625 0.171875 0.0375 0.071875
1 0.47109375 0.28046875 0.046875 0.09375
1 0.49375 0.2265625 0.04375 0.078125
1 0.54140625 0.31796875 0.0375 0.0671875
1 0.54921875 0.46484375 0.040625 0.075
1 0.55859375 0.40625 0.0453125 0.078125
1 0.46328125 0.503125 0.0296875 0.08125
1 0.63359375 0.4703125 0.0421875 0.084375
1 0.634375 0.61171875 0.04375 0.0765625
2 0.67265625 0.565625 0.0171875 0.034375
2 0.7015625 0.54609375 0.015625 0.034375
1 0.728125 0.63515625 0.040625 0.0734375
1 0.7328125 0.71796875 0.04375 0.0765625
1 0.79375 0.740625 0.04375 0.075
1 0.79140625 0.87421875 0.05 0.0796875
1 0.934375 0.884375 0.0453125 0.078125
2 0.9234375 0.825 0.015625 0.034375
1 0.93671875 0.9671875 0.0515625 0.065625
1 0.303125 0.94375 0.040625 0.06875
1 0.86484375 0.065625 0.0421875 0.075
1 0.81875 0.14921875 0.040625 0.0765625
1 0.84375 0.17890625 0.04375 0.075
1 0.8859375 0.1796875 0.046875 0.08125
3 0.88671875 0.28203125 0.0640625 0.1046875
1 0.8390625 0.28125 0.04375 0.08125
3 0.8046875 0.275 0.059375 0.103125
1 0.771875 0.23828125 0.0375 0.0703125
1 0.83359375 0.37578125 0.0421875 0.0734375
2 0.84921875 0.3890625 0.015625 0.0375
2 0.725 0.28828125 0.015625 0.0296875
2 0.71484375 0.33046875 0.0171875 0.0296875
2 0.7296875 0.34609375 0.015625 0.0296875
2 0.7515625 0.384375 0.015625 0.03125
2 0.7578125 0.40078125 0.015625 0.0265625
2 0.765625 0.4125 0.0125 0.028125
2 0.77734375 0.4109375 0.0109375 0.028125
2 0.7890625 0.409375 0.0125 0.025
2 0.84453125 0.5390625 0.0109375 0.03125
2 0.7875 0.44375 0.0125 0.025
2 0.7953125 0.4671875 0.015625 0.03125
2 0.80078125 0.43203125 0.0125 0.0296875
2 0.8109375 0.465625 0.015625 0.03125
2 0.8125 0.44296875 0.01875 0.021875
2 0.82578125 0.4359375 0.015625 0.03125
1 0.890625 0.01015625 0.028125 0.0203125
1 0.846875 0.97578125 0.0390625 0.0484375
2 0.7359375 0.9296875 0.015625 0.028125
2 0.70390625 0.921875 0.0171875 0.03125
2 0.7125 0.90546875 0.015625 0.0234375
2 0.7203125 0.95078125 0.0125 0.0296875
2 0.68984375 0.9265625 0.0140625 0.028125
1 0.7546875 0.9828125 0.034375 0.034375
2 0.7078125 0.97421875 0.015625 0.028125
2 0.7078125 0.95625 0.0125 0.028125
2 0.725 0.98828125 0.0125 0.0234375
2 0.68125 0.95234375 0.015625 0.0234375
2 0.67265625 0.98515625 0.0171875 0.0234375
2 0.671875 0.96875 0.01875 0.03125
2 0.65859375 0.9890625 0.0171875 0.021875