1 0.51875 0.42265625 0.03671875 0.06796875
1 0.54375 0.39375 0.04375 0.07421875
1 0.59140625 0.3953125 0.03984375 0.07421875
1 0.471875 0.27578125 0.04140625 0.06953125
1 0.50859375 0.25703125 0.04375 0.07890625
1 0.4109375 0.265625 0.0359375 0.07109375
2 0.43984375 0.2625 0.01796875 0.03984375
2 0.3890625 0.14296875 0.0421875 0.07890625
1 0.31484375 0.10390625 0.0390625 0.06953125
1 0.35390625 0.028125 0.040625 0.05546875
1 0.04921875 0.0609375 0.04375 0.08203125
2 0.7140625 0.328125 0.01796875 0.03203125
2 0.72734375 0.34609375 0.01796875 0.03515625
2 0.7234375 0.28671875 0.01796875 0.028125
2 0.74765625 0.3875 0.01640625 0.03046875
2 0.75703125 0.4 0.01484375 0.0265625
2 0.76328125 0.41328125 0.0125 0.03125
2 0.7765625 0.40859375 0.0125 0.03125
2 0.7875 0.41015625 0.01171875 0.03046875
2 0.78671875 0.44375 0.01328125 0.03359375
2 0.79921875 0.43125 0.01171875 0.03359375
2 0.80859375 0.465625 0.015625 0.03046875
2 0.8109375 0.44140625 0.0125 0.02421875
2 0.8234375 0.43984375 0.01484375 0.0265625
2 0.79375 0.46640625 0.0140625 0.03203125
1 0.7703125 0.2375 0.03828125 0.0671875
3 0.8015625 0.2734375 0.05859375 0.0984375
1 0.8375 0.28203125 0.046875 0.08515625
3 0.88515625 0.2828125 0.059375 0.1046875
1 0.8859375 0.1796875 0.046875 0.07890625
2 0.86953125 0.16484375 0.0140625 0.03046875
1 0.8421875 0.178125 0.04140625 0.071875
1 0.8171875 0.15 0.04140625 0.07578125
1 0.8640625 0.06484375 0.04140625 0.07265625
1 0.89296875 0.01015625 0.02890625 0.01953125
1 0.9859375 0.0140625 0.02734375 0.028125
1 0.61171875 0.4859375 0.03984375 0.06484375
1 0.61875 0.5640625 0.046875 0.07421875
1 0.68984375 0.5578125 0.03515625 0.0703125
1 0.69765625 0.646875 0.04140625 0.078125
1 0.63359375 0.6609375 0.0421875 0.06875
1 0.72734375 0.796875 0.04375 0.078125
1 0.78125 0.78828125 0.04140625 0.07109375
1 0.82734375 0.7765625 0.0453125 0.08203125
1 0.8953125 0.89921875 0.0421875 0.07109375
1 0.853125 0.9015625 0.04921875 0.090625
1 0.859375 0.98359375 0.03046875 0.03203125
2 0.93984375 0.903125 0.01953125 0.04609375
2 0.68671875 0.9296875 0.01796875 0.03203125
2 0.70078125 0.921875 0.01640625 0.03046875
2 0.70859375 0.90390625 0.0171875 0.03046875
2 0.71953125 0.95 0.01796875 0.03359375
2 0.72109375 0.909375 0.01640625 0.028125
2 0.70546875 0.95625 0.01484375 0.03046875
2 0.7046875 0.97421875 0.01875 0.03046875
2 0.72421875 0.9875 0.0171875 0.02421875
2 0.678125 0.9515625 0.0203125 0.03046875
2 0.6703125 0.96875 0.01796875 0.028125
2 0.6703125 0.98515625 0.0171875 0.02578125
2 0.6578125 0.9890625 0.01640625 0.02109375
1 0.75234375 0.984375 0.034375 0.03125
1 0.41875 0.9265625 0.0328125 0.078125
2 0.3921875 0.93359375 0.0125 0.028125
2 0.3015625 0.77890625 0.0140625 0.03203125
2 0.2984375 0.75703125 0.0171875 0.028125
2 0.28046875 0.79609375 0.015625 0.02421875
2 0.2921875 0.81015625 0.015625 0.03125
2 0.31328125 0.79296875 0.01484375 0.0296875
2 0.32265625 0.80703125 0.01328125 0.02890625
2 0.33203125 0.82265625 0.01640625 0.0296875
2 0.33984375 0.84375 0.0140625 0.028125
2 0.35234375 0.8734375 0.015625 0.02265625
2 0.35 0.85546875 0.015625 0.02265625
2 0.36171875 0.88203125 0.015625 0.02421875
2 0.34765625 0.909375 0.01484375 0.02421875
2 0.33359375 0.87890625 0.01640625 0.0203125
2 0.32265625 0.85703125 0.01328125 0.025
1 0.30078125 0.94453125 0.0375 0.0625
1 0.22578125 0.97109375 0.04296875 0.0578125
1 0.221875 0.0234375 0.0375 0.046875