1 0.91328125 0.7328125 0.0734375 0.046875
1 0.975 0.64765625 0.046875 0.0421875
1 0.9125 0.59921875 0.06875 0.0421875
1 0.82109375 0.63515625 0.0671875 0.040625
1 0.7859375 0.5625 0.078125 0.04375
1 0.63671875 0.55078125 0.0671875 0.0296875
1 0.659375 0.4859375 0.06875 0.040625
1 0.6734375 0.44921875 0.078125 0.04375
1 0.51328125 0.44140625 0.0640625 0.0359375
1 0.53515625 0.41484375 0.0734375 0.0421875
1 0.53671875 0.36328125 0.0703125 0.0421875
1 0.44140625 0.3421875 0.065625 0.040625
1 0.359375 0.33125 0.08125 0.046875
1 0.36875 0.26640625 0.06875 0.0375
1 0.2609375 0.31015625 0.06875 0.0421875
1 0.26484375 0.24609375 0.0703125 0.040625
1 0.11875 0.21640625 0.075 0.046875
1 0.115625 0.15859375 0.06875 0.0421875
1 0.13671875 0.11484375 0.0765625 0.0453125
1 0.0234375 0.04765625 0.046875 0.0421875
1 0.021875 0.09375 0.04375 0.0375
1 0.015625 0.2484375 0.03125 0.03125
1 0.76328125 0.22734375 0.065625 0.0359375
1 0.85234375 0.18203125 0.0734375 0.040625
1 0.9359375 0.13515625 0.075 0.0421875
1 0.98984375 0.10625 0.01875 0.028125
1 0.95859375 0.03046875 0.0640625 0.0375
1 0.821875 0.1578125 0.075 0.04375
3 0.8234375 0.11328125 0.075 0.0453125
1 0.728125 0.19765625 0.103125 0.059375
1 0.71875 0.1609375 0.08125 0.046875
3 0.71875 0.11484375 0.10625 0.0640625
1 0.62578125 0.16796875 0.0703125 0.040625
2 0.61171875 0.1515625 0.0265625 0.015625
2 0.50625 0.321875 0.03125 0.01875
2 0.7125 0.275 0.025 0.0125
2 0.66875 0.28515625 0.028125 0.0140625
2 0.65546875 0.2703125 0.0296875 0.015625
2 0.61328125 0.25 0.028125 0.015625
2 0.6 0.24140625 0.025 0.0140625
2 0.590625 0.23359375 0.025 0.0140625
2 0.5921875 0.221875 0.028125 0.015625
2 0.5890625 0.21171875 0.028125 0.0140625
2 0.5703125 0.1984375 0.028125 0.0125
2 0.56171875 0.21015625 0.025 0.009375
2 0.5609375 0.178125 0.021875 0.025
2 0.53671875 0.18828125 0.021875 0.0140625
2 0.53828125 0.203125 0.0234375 0.0125
2 0.24296875 0.16484375 0.0328125 0.0203125
2 0.0921875 0.278125 0.028125 0.0125
2 0.09296875 0.28984375 0.0203125 0.0140625
2 0.07578125 0.29765625 0.028125 0.0171875
2 0.04765625 0.28125 0.028125 0.0125
2 0.06953125 0.3109375 0.028125 0.015625
2 0.025 0.29375 0.025 0.015625
2 0.0421875 0.29375 0.0265625 0.015625
2 0.0109375 0.27578125 0.021875 0.0140625
2 0.04609375 0.3203125 0.025 0.015625
2 0.0296875 0.32890625 0.025 0.015625
2 0.01171875 0.32890625 0.01875 0.0140625
2 0.0109375 0.34296875 0.021875 0.0171875
2 0.2078125 0.71875 0.03125 0.01875
2 0.1890625 0.7078125 0.03125 0.015625
2 0.22265625 0.6984375 0.028125 0.015625
2 0.24375 0.7 0.034375 0.015625
2 0.20859375 0.68671875 0.0296875 0.0171875
2 0.19140625 0.678125 0.0390625 0.01875
2 0.17734375 0.66875 0.0328125 0.015625
2 0.14453125 0.67890625 0.021875 0.0171875
2 0.15546875 0.66015625 0.025 0.015625
2 0.1265625 0.6484375 0.021875 0.015625
2 0.14453125 0.65 0.0234375 0.01875
2 0.121875 0.665625 0.021875 0.015625
2 0.11796875 0.63828125 0.025 0.0140625
2 0.08984375 0.6515625 0.0265625 0.015625
1 0.0328125 0.6 0.065625 0.040625
2 0.05390625 0.61171875 0.0328125 0.0125
1 0.05234375 0.7546875 0.0671875 0.04375
1 0.05625 0.7 0.0625 0.040625
3 0.02734375 0.64609375 0.0546875 0.0453125