1 0.7328125 0.08671875 0.046875 0.0734375
1 0.64765625 0.025 0.0421875 0.046875
1 0.59921875 0.0875 0.0421875 0.06875
1 0.63515625 0.17890625 0.0421875 0.0671875
1 0.5625 0.2140625 0.04375 0.078125
1 0.55078125 0.36328125 0.0296875 0.0671875
1 0.4859375 0.340625 0.040625 0.06875
1 0.44921875 0.3265625 0.04375 0.078125
1 0.44140625 0.48671875 0.0359375 0.0640625
1 0.41484375 0.46484375 0.0421875 0.071875
1 0.36328125 0.46328125 0.0421875 0.06875
1 0.3421875 0.55859375 0.040625 0.0671875
1 0.33125 0.640625 0.046875 0.08125
1 0.26640625 0.63125 0.0375 0.06875
1 0.31015625 0.7390625 0.040625 0.06875
1 0.24609375 0.73515625 0.040625 0.0703125
1 0.21640625 0.88125 0.046875 0.075
1 0.15859375 0.884375 0.040625 0.06875
1 0.11484375 0.86328125 0.0453125 0.0765625
1 0.04765625 0.9765625 0.04375 0.046875
1 0.09375 0.978125 0.0375 0.04375
1 0.2484375 0.984375 0.03125 0.03125
1 0.22734375 0.23671875 0.0359375 0.065625
1 0.18203125 0.14765625 0.040625 0.071875
1 0.13515625 0.0640625 0.0421875 0.075
1 0.10625 0.01015625 0.028125 0.01875
1 0.03046875 0.04140625 0.0375 0.0640625
1 0.1578125 0.178125 0.04375 0.075
3 0.11328125 0.1765625 0.0453125 0.075
1 0.19765625 0.271875 0.059375 0.103125
1 0.1609375 0.28125 0.046875 0.08125
3 0.11484375 0.28125 0.0625 0.10625
1 0.16796875 0.37421875 0.040625 0.0703125
2 0.1515625 0.38828125 0.015625 0.0265625
2 0.321875 0.49375 0.01875 0.03125
2 0.275 0.2875 0.0125 0.025
2 0.28515625 0.33125 0.0140625 0.028125
2 0.2703125 0.34453125 0.015625 0.0296875
2 0.25 0.38671875 0.015625 0.028125
2 0.24140625 0.4 0.0140625 0.025
2 0.23359375 0.409375 0.0140625 0.025
2 0.221875 0.4078125 0.015625 0.028125
2 0.21171875 0.4109375 0.0140625 0.028125
2 0.1984375 0.4296875 0.0125 0.028125
2 0.21015625 0.43828125 0.0109375 0.0234375
2 0.178125 0.4390625 0.025 0.021875
2 0.18828125 0.46328125 0.0140625 0.021875
2 0.203125 0.46171875 0.0125 0.0234375
2 0.16484375 0.75703125 0.0203125 0.0328125
2 0.278125 0.9078125 0.0125 0.028125
2 0.28984375 0.90703125 0.0140625 0.0203125
2 0.29765625 0.92421875 0.0171875 0.028125
2 0.28125 0.95234375 0.0125 0.0265625
2 0.3109375 0.93046875 0.015625 0.028125
2 0.29375 0.975 0.015625 0.025
2 0.29375 0.9578125 0.015625 0.0265625
2 0.27578125 0.9890625 0.0140625 0.021875
2 0.3203125 0.95390625 0.015625 0.025
2 0.32890625 0.9703125 0.015625 0.025
2 0.32890625 0.98828125 0.015625 0.01875
2 0.34296875 0.9890625 0.0171875 0.021875
2 0.71875 0.7921875 0.01875 0.03125
2 0.7078125 0.8109375 0.015625 0.03125
2 0.6984375 0.77734375 0.015625 0.028125
2 0.7 0.75625 0.015625 0.034375
2 0.68671875 0.79140625 0.0171875 0.0296875
2 0.678125 0.80859375 0.0171875 0.0390625
2 0.66875 0.82265625 0.015625 0.0328125
2 0.67890625 0.85546875 0.015625 0.021875
2 0.66015625 0.84453125 0.015625 0.025
2 0.6484375 0.8734375 0.015625 0.021875
2 0.65 0.85546875 0.01875 0.0234375
2 0.665625 0.878125 0.015625 0.021875
2 0.63828125 0.88203125 0.0140625 0.025
2 0.6515625 0.91015625 0.015625 0.0265625
1 0.6 0.9671875 0.040625 0.065625
2 0.61171875 0.94609375 0.0125 0.0328125
1 0.7546875 0.94765625 0.04375 0.06875
1 0.7 0.94375 0.040625 0.0625
3 0.64609375 0.97265625 0.0453125 0.0546875