2 0.5921875 0.29140625 0.03125 0.0140625
2 0.59375 0.325 0.03125 0.0125
2 0.6265625 0.34921875 0.028125 0.0171875
2 0.6078125 0.4015625 0.028125 0.009375
2 0.18671875 0.29453125 0.028125 0.0140625
2 0.23984375 0.3 0.0296875 0.015625
2 0.09140625 0.34921875 0.0265625 0.015625
2 0.11875 0.3640625 0.021875 0.015625
2 0.12578125 0.353125 0.0203125 0.0125
2 0.14296875 0.35234375 0.021875 0.0140625
2 0.1546875 0.33984375 0.021875 0.0140625
2 0.171875 0.33125 0.025 0.0125
2 0.18828125 0.3234375 0.0203125 0.0125
2 0.2046875 0.31484375 0.021875 0.015625
2 0.215625 0.30234375 0.021875 0.0125
3 0.22734375 0.4421875 0.1140625 0.034375
1 0.28125 0.484375 0.0875 0.021875
2 0.3265625 0.44296875 0.034375 0.0078125
1 0.7234375 0.39140625 0.08125 0.0421875
1 0.79140625 0.39375 0.0875 0.046875
1 0.8265625 0.31796875 0.084375 0.0421875
1 0.953125 0.2796875 0.078125 0.046875
1 0.90234375 0.3625 0.0734375 0.0375
1 0.96640625 0.365625 0.0640625 0.0375
1 0.828125 0.42890625 0.071875 0.0375
1 0.71953125 0.47109375 0.09375 0.046875
1 0.7734375 0.49375 0.078125 0.04375
1 0.68203125 0.54140625 0.06875 0.0375
1 0.53515625 0.54921875 0.0734375 0.0421875
1 0.59375 0.55859375 0.078125 0.0453125
1 0.496875 0.46328125 0.08125 0.0296875
1 0.5296875 0.63359375 0.084375 0.0421875
1 0.38828125 0.634375 0.0765625 0.04375
2 0.434375 0.67265625 0.034375 0.0171875
2 0.45390625 0.7015625 0.0328125 0.015625
1 0.36484375 0.728125 0.0734375 0.040625
1 0.28203125 0.7328125 0.0765625 0.04375
1 0.259375 0.79375 0.075 0.04375
1 0.12578125 0.79140625 0.0796875 0.05
1 0.115625 0.934375 0.078125 0.04375
2 0.175 0.9234375 0.034375 0.015625
1 0.0328125 0.93671875 0.065625 0.0515625
1 0.05625 0.303125 0.06875 0.040625
1 0.934375 0.86484375 0.075 0.0421875
1 0.85078125 0.81875 0.075 0.0421875
1 0.82109375 0.84375 0.075 0.04375
1 0.8203125 0.8859375 0.08125 0.046875
3 0.71796875 0.88671875 0.1046875 0.0640625
1 0.71875 0.8390625 0.08125 0.04375
3 0.725 0.8046875 0.103125 0.059375
1 0.76171875 0.771875 0.071875 0.0390625
1 0.62421875 0.83359375 0.0734375 0.0421875
2 0.6109375 0.84921875 0.0375 0.0140625
2 0.71171875 0.725 0.028125 0.015625
2 0.66953125 0.71484375 0.0296875 0.0171875
2 0.65390625 0.7296875 0.0296875 0.015625
2 0.615625 0.7515625 0.03125 0.015625
2 0.59921875 0.7578125 0.0265625 0.015625
2 0.5875 0.765625 0.028125 0.0125
2 0.5890625 0.77734375 0.028125 0.0109375
2 0.590625 0.7890625 0.025 0.0125
2 0.4609375 0.84453125 0.03125 0.0109375
2 0.55625 0.7875 0.025 0.0125
2 0.5328125 0.7953125 0.03125 0.015625
2 0.56796875 0.80078125 0.0296875 0.0125
2 0.534375 0.8109375 0.03125 0.015625
2 0.55703125 0.8125 0.021875 0.01875
2 0.5640625 0.82578125 0.03125 0.015625
1 0.98984375 0.890625 0.0203125 0.028125
1 0.02421875 0.846875 0.0484375 0.0375
2 0.0703125 0.7359375 0.028125 0.015625
2 0.078125 0.70390625 0.03125 0.015625
2 0.09453125 0.7125 0.0234375 0.015625
2 0.04921875 0.7203125 0.0296875 0.0125
2 0.0734375 0.68984375 0.028125 0.0140625
1 0.0171875 0.7546875 0.034375 0.034375
2 0.02578125 0.7078125 0.028125 0.015625
2 0.04375 0.7078125 0.028125 0.0125
2 0.01171875 0.725 0.0234375 0.0125
2 0.04765625 0.68125 0.0234375 0.015625
2 0.01484375 0.67265625 0.0234375 0.0171875
2 0.03125 0.671875 0.03125 0.01875
2 0.0109375 0.65859375 0.021875 0.0171875