1 0.1875 0.36328125 0.03515625 0.08125
1 0.30078125 0.9453125 0.040625 0.06796875
1 0.31875 0.11484375 0.03671875 0.0640625
1 0.38203125 0.1359375 0.040625 0.0671875
1 0.4203125 0.11640625 0.04375 0.07421875
1 0.43515625 0.29140625 0.03828125 0.0640625
1 0.4609375 0.25703125 0.03984375 0.0671875
1 0.50078125 0.2484375 0.0390625 0.06796875
1 0.521875 0.34765625 0.03828125 0.06171875
1 0.5296875 0.428125 0.04765625 0.07890625
1 0.53828125 0.51484375 0.04140625 0.06953125
1 0.59765625 0.478125 0.03984375 0.06796875
1 0.60078125 0.4078125 0.03828125 0.065625
1 0.44140625 0.8515625 0.03046875 0.08359375
1 0.62109375 0.63671875 0.04453125 0.07265625
1 0.678125 0.61484375 0.0390625 0.06953125
1 0.72890625 0.6171875 0.04609375 0.07890625
1 0.74140625 0.7265625 0.04921875 0.08359375
1 0.72734375 0.78515625 0.04765625 0.0828125
1 0.7859375 0.72890625 0.04140625 0.06953125
1 0.83671875 0.87890625 0.04375 0.0765625
1 0.88125 0.878125 0.04609375 0.0765625
1 0.771875 0.23671875 0.03671875 0.06640625
1 0.8171875 0.15 0.04140625 0.07265625
1 0.8640625 0.0640625 0.040625 0.0734375
1 0.84140625 0.17734375 0.0421875 0.07578125
1 0.8859375 0.178125 0.0421875 0.07421875
1 0.80234375 0.271875 0.05859375 0.1015625
1 0.83828125 0.28125 0.046875 0.08515625
1 0.88515625 0.28359375 0.0640625 0.1078125
1 0.83203125 0.375 0.0390625 0.06953125
1 0.7515625 0.98359375 0.03125 0.0328125
1 0.89140625 0.009375 0.0265625 0.01875
3 0.3734375 0.953125 0.05390625 0.09375
1 0.296875 0.01640625 0.0328125 0.0328125
2 0.27109375 0.81640625 0.0140625 0.02734375
2 0.29921875 0.76015625 0.01484375 0.02421875
2 0.3015625 0.78359375 0.01328125 0.02421875
2 0.31328125 0.79609375 0.01171875 0.02265625
2 0.3078125 0.79765625 0.00078125 0.00078125
2 0.29140625 0.81484375 0.01328125 0.02265625
2 0.32109375 0.81171875 0.0140625 0.02265625
2 0.3078125 0.87890625 0.01640625 0.02578125
2 0.33125 0.825 0.0171875 0.02734375
2 0.3390625 0.846875 0.01640625 0.02109375
2 0.33359375 0.88046875 0.01640625 0.0203125
2 0.35078125 0.85625 0.01640625 0.02109375
2 0.35234375 0.8734375 0.015625 0.01953125
2 0.3609375 0.88203125 0.015625 0.021875
2 0.3484375 0.90859375 0.01328125 0.0234375
2 0.4078125 0.89453125 0.01015625 0.0296875
2 0.7234375 0.91171875 0.0140625 0.025
2 0.71015625 0.90703125 0.01328125 0.0203125
2 0.70234375 0.9234375 0.015625 0.02734375
2 0.71796875 0.9515625 0.0109375 0.0296875
2 0.68828125 0.9296875 0.0140625 0.02734375
2 0.70625 0.95703125 0.0140625 0.0296875
2 0.70625 0.97421875 0.015625 0.0265625
2 0.7234375 0.9890625 0.01328125 0.02109375
2 0.6796875 0.95390625 0.015625 0.025
2 0.6703125 0.97109375 0.01484375 0.02578125
2 0.67109375 0.98828125 0.01484375 0.01640625
2 0.659375 0.98984375 0.0171875 0.01953125