1 0.76953125 0.40390625 0.078125 0.046875
1 0.85234375 0.39609375 0.0671875 0.0375
1 0.95390625 0.32265625 0.0734375 0.04375
1 0.95078125 0.37265625 0.0734375 0.040625
1 0.93203125 0.2890625 0.059375 0.0375
1 0.74453125 0.46328125 0.065625 0.0375
1 0.7984375 0.475 0.0625 0.040625
1 0.68515625 0.409375 0.0703125 0.04375
1 0.64453125 0.5328125 0.0625 0.0375
1 0.61171875 0.59375 0.0828125 0.046875
1 0.55859375 0.53203125 0.084375 0.0484375
1 0.56953125 0.48671875 0.0734375 0.0390625
1 0.521875 0.59453125 0.08125 0.046875
1 0.49921875 0.64921875 0.0703125 0.0375
1 0.38828125 0.67578125 0.075 0.0421875
1 0.35546875 0.73671875 0.0765625 0.04375
1 0.29140625 0.69140625 0.075 0.04375
1 0.29140625 0.4625 0.0828125 0.021875
2 0.2109375 0.43203125 0.034375 0.009375
3 0.121875 0.4125 0.10625 0.046875
1 0.24296875 0.23515625 0.0859375 0.034375
2 0.24375 0.2984375 0.028125 0.015625
2 0.221875 0.30234375 0.028125 0.015625
2 0.20625 0.31171875 0.03125 0.0171875
2 0.1921875 0.321875 0.028125 0.01875
2 0.17734375 0.33046875 0.0328125 0.01875
2 0.1578125 0.340625 0.03125 0.015625
2 0.125 0.3515625 0.028125 0.0125
2 0.146875 0.35234375 0.025 0.015625
2 0.11875 0.36171875 0.0234375 0.0125
2 0.09140625 0.34765625 0.0265625 0.0140625
2 0.11484375 0.32421875 0.0265625 0.0171875
1 0.0546875 0.3015625 0.0625 0.0390625
1 0.03359375 0.4171875 0.0671875 0.046875
2 0.23359375 0.8171875 0.0296875 0.01875
2 0.22734375 0.8375 0.03125 0.01875
2 0.20234375 0.89765625 0.03125 0.015625
1 0.13984375 0.78046875 0.0671875 0.040625
1 0.14453125 0.85859375 0.075 0.0421875
1 0.0390625 0.92734375 0.071875 0.040625
1 0.0609375 0.86875 0.075 0.04375
2 0.08984375 0.7234375 0.028125 0.0140625
2 0.07890625 0.70234375 0.0296875 0.0171875
2 0.09453125 0.709375 0.0296875 0.015625
2 0.02578125 0.70390625 0.0390625 0.0171875
2 0.0453125 0.70546875 0.034375 0.0171875
2 0.0484375 0.71875 0.03125 0.0125
2 0.01484375 0.6703125 0.0265625 0.015625
2 0.0328125 0.66875 0.0234375 0.01875
2 0.0484375 0.67890625 0.03125 0.01875
2 0.0734375 0.6875 0.034375 0.015625
2 0.01328125 0.6546875 0.0265625 0.025
1 0.015625 0.753125 0.03125 0.0375
2 0.0125 0.7234375 0.025 0.015625
2 0.63671875 0.31171875 0.0296875 0.01875
2 0.796875 0.21875 0.034375 0.01875
2 0.7921875 0.16875 0.034375 0.01875
2 0.7734375 0.14296875 0.028125 0.0171875
2 0.765625 0.5203125 0.028125 0.015625
2 0.7125 0.7234375 0.03125 0.015625
2 0.66875 0.7140625 0.028125 0.0125
2 0.653125 0.72890625 0.028125 0.0140625
2 0.61328125 0.7484375 0.0328125 0.01875
2 0.59765625 0.75703125 0.028125 0.0140625
2 0.5890625 0.7640625 0.028125 0.0125
2 0.59140625 0.77734375 0.0296875 0.0109375
2 0.5546875 0.78671875 0.03125 0.0109375
2 0.58984375 0.7875 0.0296875 0.015625
2 0.5390625 0.79921875 0.028125 0.0109375
2 0.56796875 0.7984375 0.0296875 0.0140625
2 0.5359375 0.809375 0.0265625 0.0125
2 0.55859375 0.8125 0.0234375 0.015625
2 0.56171875 0.825 0.03125 0.0125
2 0.6140625 0.84921875 0.028125 0.01875
1 0.625 0.83046875 0.075 0.0390625
3 0.71640625 0.884375 0.1078125 0.0625
1 0.71953125 0.8359375 0.0828125 0.046875
3 0.7265625 0.8015625 0.1 0.0578125
1 0.7609375 0.76953125 0.0703125 0.040625
1 0.84765625 0.8140625 0.075 0.04375
1 0.82109375 0.83984375 0.0765625 0.040625
1 0.821875 0.88359375 0.071875 0.0453125
1 0.934375 0.8625 0.075 0.040625
1 0.9875 0.8890625 0.025 0.03125