1 0.26640625 0.03046875 0.046875 0.0609375
1 0.35234375 0.0234375 0.0375 0.0453125
1 0.35078125 0.08125 0.04140625 0.06796875
1 0.30703125 0.15703125 0.04609375 0.0734375
1 0.378125 0.18359375 0.046875 0.0765625
1 0.378125 0.25546875 0.04609375 0.0671875
1 0.41796875 0.15078125 0.0359375 0.065625
1 0.48203125 0.20703125 0.040625 0.07109375
1 0.45703125 0.253125 0.04765625 0.08125
1 0.52734375 0.2953125 0.0390625 0.06796875
1 0.54453125 0.38203125 0.04140625 0.0734375
1 0.53203125 0.434375 0.040625 0.07265625
1 0.62109375 0.44765625 0.04296875 0.075
1 0.61796875 0.58203125 0.0375 0.06953125
1 0.7140625 0.6109375 0.04140625 0.0734375
1 0.7171875 0.6890625 0.0421875 0.075
1 0.7796875 0.71875 0.0390625 0.06640625
1 0.76875 0.84140625 0.0484375 0.08046875
1 0.925 0.8671875 0.04375 0.0796875
1 0.915625 0.94296875 0.0453125 0.0765625
1 0.83125 0.96015625 0.04609375 0.075
1 0.7546875 0.98359375 0.0359375 0.0328125
1 0.303125 0.9453125 0.03984375 0.06640625
1 0.45703125 0.46796875 0.03046875 0.08359375
1 0.4859375 0.6921875 0.0203125 0.09296875
1 0.89296875 0.0109375 0.0296875 0.021875
1 0.86484375 0.0640625 0.0421875 0.07578125
1 0.84375 0.1796875 0.04140625 0.07734375
3 0.8875 0.17734375 0.04375 0.075
1 0.82109375 0.14375 0.0375 0.06328125
1 0.77421875 0.2359375 0.0359375 0.06796875
3 0.80390625 0.27265625 0.05859375 0.1015625
1 0.840625 0.28046875 0.0453125 0.08046875
3 0.88671875 0.28203125 0.0609375 0.10625
2 0.85078125 0.384375 0.01484375 0.025
1 0.8328125 0.37421875 0.03828125 0.06953125
3 0.4453125 0.75859375 0.03125 0.11328125
2 0.44375 0.66015625 0.0109375 0.0359375
2 0.4046875 0.37578125 0.00625 0.034375
2 0.33984375 0.41328125 0.01953125 0.0203125
2 0.35859375 0.38203125 0.01875 0.02265625
2 0.3078125 0.41953125 0.01875 0.028125
2 0.6859375 0.51796875 0.0171875 0.02890625
2 0.65546875 0.540625 0.01796875 0.02734375
2 0.8484375 0.50859375 0.009375 0.03984375
2 0.72578125 0.2875 0.01328125 0.02890625
2 0.71640625 0.3328125 0.0140625 0.03046875
2 0.73125 0.3453125 0.01328125 0.02734375
2 0.75078125 0.38515625 0.01328125 0.025
2 0.75859375 0.396875 0.01328125 0.02265625
2 0.76640625 0.41015625 0.01171875 0.028125
2 0.77890625 0.4078125 0.009375 0.0296875
2 0.7890625 0.40859375 0.00859375 0.02890625
2 0.7890625 0.4390625 0.0109375 0.02265625
2 0.8015625 0.428125 0.0109375 0.02578125
2 0.815625 0.43671875 0.01328125 0.01328125
2 0.79609375 0.4625 0.0140625 0.02265625
2 0.81171875 0.46171875 0.01171875 0.01875
2 0.91015625 0.79921875 0.015625 0.028125
2 0.66171875 0.98828125 0.01953125 0.01796875
2 0.65078125 0.99765625 0.01015625 0.00390625
2 0.67421875 0.98828125 0.0140625 0.0171875
2 0.671875 0.96640625 0.01640625 0.02421875
2 0.68125 0.9515625 0.015625 0.03125
2 0.690625 0.9265625 0.01484375 0.0296875
2 0.7046875 0.92109375 0.0140625 0.0265625
2 0.70625 0.95 0.01171875 0.02109375
2 0.70703125 0.975 0.0125 0.02265625
2 0.7203125 0.9484375 0.01171875 0.02890625
2 0.73984375 0.93515625 0.01640625 0.03046875
2 0.7125 0.9046875 0.01484375 0.025
2 0.72578125 0.98828125 0.0125 0.0234375
2 0.35 0.91015625 0.015625 0.02734375
2 0.36484375 0.8828125 0.0125 0.01875
2 0.353125 0.87421875 0.015625 0.0203125
2 0.353125 0.8546875 0.01484375 0.0203125
2 0.340625 0.8453125 0.01640625 0.02421875
2 0.33046875 0.82734375 0.0125 0.0234375
2 0.3234375 0.809375 0.01328125 0.01875
2 0.30078125 0.7578125 0.0125 0.021875
2 0.29453125 0.8140625 0.0125 0.028125
2 0.30546875 0.778125 0.01328125 0.01796875
2 0.31640625 0.79296875 0.0125 0.01953125