1 0.26484375 0.97109375 0.0453125 0.0578125
1 0.35 0.97890625 0.034375 0.0421875
1 0.34921875 0.9203125 0.0390625 0.06875
1 0.30703125 0.84140625 0.0421875 0.0703125
1 0.3765625 0.81796875 0.046875 0.075
1 0.41796875 0.85078125 0.0359375 0.0671875
1 0.378125 0.7484375 0.04375 0.06875
1 0.45390625 0.75078125 0.0484375 0.0796875
1 0.48203125 0.79375 0.04375 0.071875
1 0.52578125 0.7078125 0.0390625 0.06875
1 0.54296875 0.62109375 0.0421875 0.0734375
1 0.53125 0.56953125 0.040625 0.0703125
1 0.45625 0.53515625 0.03125 0.0828125
1 0.61953125 0.55546875 0.0421875 0.0765625
1 0.615625 0.4234375 0.0375 0.06875
1 0.7125 0.3921875 0.040625 0.071875
1 0.715625 0.31328125 0.04375 0.078125
1 0.778125 0.2828125 0.0390625 0.06875
1 0.76640625 0.16171875 0.0484375 0.0796875
1 0.9234375 0.13671875 0.046875 0.0765625
1 0.9140625 0.06171875 0.046875 0.075
1 0.82890625 0.0421875 0.046875 0.075
1 0.7546875 0.0171875 0.034375 0.034375
1 0.303125 0.0546875 0.040625 0.065625
1 0.48671875 0.31171875 0.0171875 0.0921875
1 0.8921875 0.98984375 0.025 0.0203125
1 0.86640625 0.93671875 0.0390625 0.0734375
1 0.81953125 0.85 0.0390625 0.075
1 0.84375 0.82109375 0.04375 0.0765625
3 0.8875 0.82265625 0.04375 0.0765625
1 0.83984375 0.71953125 0.046875 0.084375
2 0.8515625 0.615625 0.015625 0.025
1 0.8328125 0.625 0.0390625 0.06875
1 0.7734375 0.76328125 0.0375 0.06875
3 0.803125 0.728125 0.059375 0.1
3 0.4453125 0.2421875 0.03125 0.1125
2 0.34921875 0.090625 0.0171875 0.025
2 0.3625 0.11796875 0.015625 0.021875
2 0.353125 0.12578125 0.015625 0.0203125
2 0.353125 0.14453125 0.01875 0.0203125
2 0.3421875 0.15703125 0.01875 0.0234375
2 0.33359375 0.178125 0.0171875 0.03125
2 0.32421875 0.19140625 0.0109375 0.0296875
2 0.31328125 0.2046875 0.0171875 0.021875
2 0.29609375 0.1953125 0.015625 0.0203125
2 0.30078125 0.24140625 0.0140625 0.025
2 0.30546875 0.21953125 0.0140625 0.01875
2 0.44296875 0.34296875 0.0078125 0.0390625
2 0.6546875 0.4625 0.015625 0.025
2 0.684375 0.4859375 0.015625 0.028125
2 0.9078125 0.20390625 0.015625 0.0296875
2 0.72578125 0.7125 0.0140625 0.028125
2 0.715625 0.6703125 0.015625 0.028125
2 0.73046875 0.65390625 0.0140625 0.0328125
2 0.75234375 0.6140625 0.015625 0.028125
2 0.75859375 0.60078125 0.0140625 0.0265625
2 0.76640625 0.58984375 0.0140625 0.028125
2 0.778125 0.59140625 0.009375 0.03125
2 0.790625 0.58984375 0.0125 0.0296875
2 0.78984375 0.56015625 0.0109375 0.0234375
2 0.80234375 0.5703125 0.0078125 0.03125
2 0.79921875 0.5375 0.0140625 0.01875
2 0.8125 0.5375 0.009375 0.021875
2 0.8140625 0.559375 0.0125 0.015625
2 0.8484375 0.49453125 0.009375 0.0375
2 0.36015625 0.61640625 0.0203125 0.0234375
2 0.3421875 0.58671875 0.021875 0.0203125
2 0.3078125 0.58359375 0.021875 0.0265625
3 0.8875 0.71796875 0.059375 0.1078125
2 0.7125 0.09453125 0.0125 0.0234375
2 0.7046875 0.0765625 0.015625 0.028125
2 0.68984375 0.07109375 0.0171875 0.0296875
2 0.68125 0.046875 0.015625 0.025
2 0.671875 0.03125 0.015625 0.025
2 0.67265625 0.0125 0.015625 0.01875
2 0.659375 0.01171875 0.015625 0.021875
2 0.709375 0.04453125 0.015625 0.0296875
2 0.70859375 0.0234375 0.0171875 0.025
2 0.72578125 0.01328125 0.0140625 0.0265625
2 0.72109375 0.04921875 0.0109375 0.03125
2 0.40390625 0.62421875 0.0078125 0.0328125