2 0.303125 0.58515625 0.0203125 0.0375
2 0.3375 0.5875 0.01875 0.025
2 0.35703125 0.61875 0.0234375 0.028125
2 0.3890625 0.64453125 0.01875 0.0296875
2 0.403125 0.62109375 0.009375 0.0359375
2 0.3015625 0.2453125 0.015625 0.034375
2 0.30390625 0.21875 0.0140625 0.01875
2 0.2953125 0.1921875 0.0171875 0.0375
2 0.31328125 0.20390625 0.0171875 0.0296875
2 0.32109375 0.18671875 0.01875 0.034375
2 0.3328125 0.17578125 0.015625 0.03125
2 0.34140625 0.15859375 0.01875 0.0296875
2 0.353125 0.14765625 0.01875 0.0265625
2 0.35390625 0.1265625 0.0171875 0.021875
2 0.3640625 0.11875 0.015625 0.021875
2 0.34921875 0.08984375 0.0171875 0.0265625
3 0.88671875 0.821875 0.0453125 0.078125
1 0.84375 0.82109375 0.04375 0.0765625
1 0.81875 0.85078125 0.04375 0.0765625
1 0.86484375 0.9359375 0.0421875 0.078125
1 0.89296875 0.9890625 0.0265625 0.021875
3 0.8859375 0.71796875 0.0625 0.1078125
1 0.8390625 0.71953125 0.046875 0.0828125
3 0.80390625 0.72734375 0.059375 0.103125
1 0.771875 0.7625 0.040625 0.071875
1 0.83359375 0.62578125 0.040625 0.0703125
2 0.85 0.61484375 0.01875 0.0265625
2 0.72578125 0.71171875 0.0140625 0.0296875
2 0.715625 0.67109375 0.015625 0.034375
2 0.73046875 0.65546875 0.0171875 0.0296875
2 0.75234375 0.61640625 0.015625 0.0234375
2 0.759375 0.6 0.015625 0.028125
2 0.7671875 0.590625 0.0125 0.025
2 0.77890625 0.5921875 0.0125 0.028125
2 0.7875 0.5890625 0.015625 0.03125
2 0.8015625 0.5734375 0.0125 0.021875
2 0.79140625 0.56328125 0.009375 0.0171875
2 0.81484375 0.56171875 0.0171875 0.0234375
2 0.83046875 0.5625 0.0125 0.021875
2 0.846875 0.484375 0.0125 0.034375
2 0.81171875 0.53515625 0.0140625 0.025
2 0.80078125 0.53984375 0.009375 0.0203125
2 0.91171875 0.1953125 0.015625 0.0296875
1 0.9265625 0.13046875 0.046875 0.08125
1 0.9203125 0.05078125 0.046875 0.078125
1 0.83515625 0.03515625 0.0453125 0.0703125
1 0.7734375 0.15078125 0.0484375 0.078125
2 0.73828125 0.0671875 0.0171875 0.028125
2 0.7125 0.09375 0.0125 0.021875
2 0.70390625 0.07734375 0.0171875 0.0296875
2 0.7203125 0.04921875 0.0125 0.0328125
2 0.68984375 0.07265625 0.015625 0.0265625
2 0.70859375 0.04453125 0.0140625 0.03125
2 0.7078125 0.02578125 0.015625 0.0265625
2 0.725 0.01171875 0.0125 0.0234375
2 0.68046875 0.04765625 0.0171875 0.028125
2 0.671875 0.03046875 0.015625 0.0265625
2 0.6734375 0.0109375 0.015625 0.021875
2 0.6578125 0.0109375 0.01875 0.021875
1 0.7546875 0.0171875 0.034375 0.034375
1 0.78203125 0.2765625 0.0421875 0.071875
1 0.7171875 0.38515625 0.04375 0.0765625
1 0.7203125 0.30546875 0.04375 0.0734375
1 0.62109375 0.41328125 0.0390625 0.071875
1 0.303125 0.05546875 0.040625 0.0703125
1 0.26875 0.96640625 0.05 0.0671875
1 0.3546875 0.97421875 0.0390625 0.05
1 0.353125 0.9140625 0.0421875 0.065625
1 0.42109375 0.84453125 0.0375 0.0671875
1 0.31015625 0.83828125 0.04375 0.0703125
1 0.38125 0.81015625 0.046875 0.078125
1 0.38125 0.74296875 0.04375 0.071875
3 0.459375 0.74296875 0.05 0.0828125
1 0.4859375 0.78828125 0.046875 0.078125
1 0.5296875 0.70078125 0.040625 0.06875
1 0.546875 0.61328125 0.04375 0.0734375
1 0.5359375 0.559375 0.04375 0.075
1 0.4578125 0.52578125 0.03125 0.0828125
1 0.6234375 0.54765625 0.04375 0.0765625
1 0.4859375 0.30234375 0.0234375 0.0921875
3 0.44453125 0.2375 0.0328125 0.1125
2 0.659375 0.4546875 0.01875 0.028125
2 0.6890625 0.4765625 0.01875 0.034375
2 0.44296875 0.3375 0.009375 0.03125