1 0.6375 0.47265625 0.04375 0.07265625
1 0.5546875 0.47109375 0.04140625 0.07265625
1 0.56171875 0.41171875 0.040625 0.07109375
1 0.4625 0.50625 0.0265625 0.08359375
1 0.5453125 0.325 0.040625 0.06953125
1 0.4765625 0.2828125 0.046875 0.08203125
1 0.496875 0.23203125 0.0421875 0.07890625
1 0.39453125 0.2765625 0.040625 0.07421875
1 0.4 0.215625 0.04609375 0.08203125
1 0.43203125 0.17578125 0.03671875 0.06484375
1 0.32109375 0.1734375 0.04375 0.07578125
1 0.36875 0.1046875 0.040625 0.06796875
1 0.36875 0.03828125 0.040625 0.06796875
1 0.28671875 0.0515625 0.0484375 0.08203125
2 0.40078125 0.396875 0.01328125 0.03671875
2 0.28515625 0.40390625 0.01796875 0.03203125
2 0.31953125 0.3984375 0.01796875 0.03359375
2 0.34609375 0.371875 0.01796875 0.03125
3 0.44140625 0.77890625 0.03203125 0.1125
2 0.4421875 0.68359375 0.01015625 0.04296875
1 0.4828125 0.72890625 0.02265625 0.09375
1 0.63828125 0.61796875 0.03671875 0.07265625
2 0.67890625 0.5734375 0.01875 0.03203125
2 0.7078125 0.5546875 0.0171875 0.03515625
1 0.73203125 0.6421875 0.040625 0.07421875
1 0.7390625 0.72421875 0.04140625 0.07578125
1 0.79921875 0.746875 0.040625 0.07421875
1 0.80078125 0.884375 0.04765625 0.07734375
1 0.93828125 0.88984375 0.04453125 0.07890625
1 0.94296875 0.971875 0.0453125 0.05546875
1 0.8515625 0.9796875 0.028125 0.03984375
2 0.928125 0.83125 0.015625 0.03515625
2 0.8453125 0.5515625 0.0125 0.03515625
2 0.659375 0.984375 0.0171875 0.03125
2 0.67265625 0.98203125 0.01875 0.0296875
2 0.67265625 0.96640625 0.0171875 0.03125
2 0.67890625 0.953125 0.0203125 0.03515625
2 0.68828125 0.925 0.0171875 0.03515625
2 0.70625 0.971875 0.0171875 0.03125
2 0.70546875 0.94921875 0.01484375 0.028125
2 0.703125 0.91796875 0.0171875 0.03125
2 0.709375 0.9015625 0.0171875 0.03359375
2 0.72421875 0.98515625 0.01484375 0.0296875
2 0.71953125 0.95 0.01328125 0.03515625
2 0.73359375 0.92734375 0.01640625 0.03125
1 0.7546875 0.98125 0.034375 0.03671875
1 0.30390625 0.9421875 0.03828125 0.05703125
2 0.35 0.9078125 0.01484375 0.0296875
2 0.353125 0.8734375 0.0140625 0.025
2 0.36484375 0.8796875 0.01484375 0.03125
2 0.340625 0.84375 0.01796875 0.0265625
2 0.35390625 0.853125 0.01484375 0.025
2 0.2953125 0.80625 0.015625 0.03515625
2 0.32578125 0.81015625 0.015625 0.03359375
2 0.33359375 0.8203125 0.01796875 0.03203125
2 0.315625 0.79453125 0.01640625 0.03125
2 0.30546875 0.7765625 0.01484375 0.028125
2 0.3015625 0.75625 0.01328125 0.03671875
2 0.72421875 0.28828125 0.01484375 0.0296875
2 0.7140625 0.3328125 0.01484375 0.03125
2 0.7296875 0.3453125 0.01484375 0.03359375
2 0.75078125 0.3859375 0.015625 0.03359375
2 0.759375 0.403125 0.015625 0.03828125
2 0.76640625 0.4109375 0.01171875 0.0296875
2 0.77890625 0.40859375 0.01171875 0.03046875
2 0.78828125 0.40859375 0.01171875 0.0296875
2 0.7890625 0.4421875 0.01171875 0.03359375
2 0.81015625 0.465625 0.01640625 0.0296875
2 0.81015625 0.446875 0.01484375 0.0296875
2 0.8015625 0.43046875 0.0109375 0.02890625
2 0.82578125 0.4375 0.0140625 0.0328125
2 0.8328125 0.37421875 0.03828125 0.06640625
2 0.8484375 0.3875 0.01796875 0.03203125
3 0.884375 0.28203125 0.06015625 0.10703125
1 0.83828125 0.2796875 0.04140625 0.08046875
1 0.88671875 0.178125 0.04375 0.07265625
1 0.84296875 0.17734375 0.03984375 0.0765625
3 0.80390625 0.27421875 0.0578125 0.103125
1 0.771875 0.2375 0.0359375 0.0703125
1 0.81875 0.14921875 0.03671875 0.0671875
1 0.86484375 0.0640625 0.040625 0.07109375
1 0.89140625 0.01015625 0.0265625 0.0203125