1 0.24453125 0.63125 0.02265625 0.084375
1 0.30078125 0.9453125 0.03984375 0.0671875
1 0.45703125 0.76171875 0.0265625 0.08359375
1 0.29140625 0.0140625 0.0296875 0.02734375
1 0.3421875 0.00703125 0.021875 0.0140625
1 0.3390625 0.14296875 0.03671875 0.059375
1 0.3703125 0.1171875 0.0390625 0.0671875
1 0.415625 0.11484375 0.040625 0.06796875
1 0.43671875 0.215625 0.03671875 0.06015625
1 0.44609375 0.29609375 0.046875 0.075
1 0.45078125 0.378125 0.040625 0.0671875
1 0.5046875 0.32265625 0.03984375 0.06796875
1 0.515625 0.26953125 0.0375 0.0625
1 0.525 0.4921875 0.0421875 0.071875
1 0.5796875 0.440625 0.0375 0.06640625
1 0.6375 0.4640625 0.04296875 0.0734375
1 0.5921875 0.553125 0.04609375 0.0828125
3 0.6421875 0.559375 0.046875 0.0828125
1 0.69140625 0.571875 0.03984375 0.0671875
1 0.72578125 0.6953125 0.04296875 0.07421875
1 0.7828125 0.7203125 0.04375 0.07578125
1 0.7546875 0.8140625 0.04375 0.075
1 0.7515625 0.984375 0.02890625 0.03125
1 0.8484375 0.96796875 0.040625 0.0640625
1 0.9140625 0.946875 0.04296875 0.071875
1 0.9109375 0.9921875 0.02265625 0.015625
3 0.3984375 0.91015625 0.0484375 0.10625
3 0.8015625 0.27265625 0.05859375 0.1015625
3 0.884375 0.28203125 0.0609375 0.10546875
1 0.83828125 0.28125 0.0453125 0.0828125
1 0.771875 0.2359375 0.03515625 0.06328125
1 0.8171875 0.14921875 0.040625 0.071875
1 0.86328125 0.0640625 0.040625 0.07265625
1 0.89140625 0.01015625 0.025 0.0203125
1 0.84140625 0.17890625 0.0421875 0.07578125
3 0.88515625 0.178125 0.0421875 0.0734375
1 0.83125 0.37421875 0.0390625 0.06875
2 0.72265625 0.290625 0.01171875 0.02578125
2 0.7140625 0.33046875 0.01328125 0.0265625
2 0.72890625 0.34453125 0.0140625 0.02890625
2 0.75078125 0.384375 0.015625 0.02421875
2 0.7578125 0.40078125 0.015625 0.02578125
2 0.76484375 0.409375 0.01328125 0.025
2 0.77734375 0.4078125 0.0125 0.0265625
2 0.78671875 0.41015625 0.01171875 0.028125
2 0.78828125 0.44140625 0.01328125 0.02734375
2 0.8 0.43046875 0.01015625 0.02734375
2 0.79765625 0.4625 0.01171875 0.02265625
2 0.81171875 0.44140625 0.0140625 0.0234375
2 0.82421875 0.43984375 0.0140625 0.01796875
2 0.809375 0.46328125 0.01171875 0.0203125
2 0.8734375 0.84453125 0.01640625 0.02734375
2 0.8953125 0.85 0.01875 0.025
2 0.95703125 0.909375 0.015625 0.028125
2 0.7234375 0.91171875 0.01328125 0.02421875
2 0.709375 0.90625 0.01328125 0.02109375
2 0.70234375 0.9234375 0.01640625 0.028125
2 0.71796875 0.95078125 0.0109375 0.03125
2 0.6890625 0.92890625 0.01484375 0.0265625
2 0.70625 0.95625 0.01328125 0.03125
2 0.70625 0.97421875 0.015625 0.0265625
2 0.7234375 0.98828125 0.01328125 0.02265625
2 0.6796875 0.953125 0.015625 0.02578125
2 0.6703125 0.97109375 0.01484375 0.0265625
2 0.6578125 0.9890625 0.0203125 0.021875
2 0.6734375 0.98828125 0.01171875 0.015625