1 0.1875 0.63671875 0.034375 0.08125
1 0.30078125 0.0546875 0.040625 0.06875
1 0.31875 0.88515625 0.0375 0.0640625
1 0.38203125 0.8640625 0.040625 0.065625
1 0.4203125 0.88359375 0.04375 0.0734375
1 0.43515625 0.70859375 0.0390625 0.0640625
1 0.4609375 0.74296875 0.040625 0.0671875
1 0.50078125 0.7515625 0.0390625 0.06875
1 0.521875 0.65234375 0.0375 0.0625
1 0.5296875 0.571875 0.046875 0.078125
1 0.53828125 0.48515625 0.0421875 0.0703125
1 0.59765625 0.521875 0.0390625 0.06875
1 0.60078125 0.5921875 0.0390625 0.065625
1 0.44140625 0.1484375 0.0296875 0.084375
1 0.62109375 0.36328125 0.0453125 0.0734375
1 0.678125 0.38515625 0.0375 0.0703125
1 0.72890625 0.3828125 0.0453125 0.078125
1 0.74140625 0.2734375 0.0484375 0.084375
1 0.72734375 0.21484375 0.0484375 0.0828125
1 0.7859375 0.27109375 0.040625 0.0703125
1 0.83671875 0.12109375 0.04375 0.0765625
1 0.88125 0.121875 0.046875 0.0765625
1 0.771875 0.76328125 0.0375 0.0671875
1 0.8171875 0.85 0.040625 0.071875
1 0.8640625 0.9359375 0.040625 0.071875
1 0.84140625 0.82265625 0.0421875 0.0765625
1 0.8859375 0.821875 0.040625 0.075
1 0.80234375 0.728125 0.0578125 0.1
1 0.83828125 0.71875 0.046875 0.084375
1 0.88515625 0.71640625 0.0640625 0.1078125
1 0.83203125 0.625 0.0390625 0.06875
1 0.7515625 0.01640625 0.03125 0.0328125
1 0.89140625 0.990625 0.0265625 0.01875
3 0.3734375 0.046875 0.053125 0.09375
1 0.296875 0.98359375 0.0328125 0.0328125
2 0.27109375 0.18359375 0.0140625 0.028125
2 0.29921875 0.23984375 0.0140625 0.0234375
2 0.3015625 0.21640625 0.0125 0.025
2 0.31328125 0.20390625 0.0109375 0.0234375
2 0.29140625 0.18515625 0.0125 0.021875
2 0.32109375 0.18828125 0.0140625 0.0234375
2 0.3078125 0.12109375 0.015625 0.0265625
2 0.33125 0.175 0.0171875 0.028125
2 0.3390625 0.153125 0.015625 0.021875
2 0.33359375 0.11953125 0.015625 0.0203125
2 0.35078125 0.14375 0.0171875 0.021875
2 0.35234375 0.1265625 0.015625 0.01875
2 0.3609375 0.11796875 0.015625 0.021875
2 0.3484375 0.09140625 0.0125 0.0234375
2 0.4078125 0.10546875 0.009375 0.0296875
2 0.7234375 0.08828125 0.015625 0.025
2 0.71015625 0.09296875 0.0140625 0.0203125
2 0.70234375 0.0765625 0.015625 0.028125
2 0.71796875 0.0484375 0.0109375 0.028125
2 0.68828125 0.0703125 0.0140625 0.028125
2 0.70625 0.04296875 0.0125 0.0296875
2 0.70625 0.02578125 0.015625 0.0265625
2 0.7234375 0.0109375 0.0125 0.021875
2 0.6796875 0.04609375 0.015625 0.025
2 0.6703125 0.02890625 0.015625 0.0265625
2 0.67109375 0.01171875 0.0140625 0.0171875
2 0.659375 0.01015625 0.01875 0.0203125