1 0.2671875 0.08671875 0.0453125 0.07265625
1 0.35234375 0.025 0.0421875 0.04765625
1 0.40078125 0.0875 0.04140625 0.0703125
1 0.36484375 0.17890625 0.04140625 0.0671875
1 0.4375 0.2140625 0.04453125 0.078125
1 0.44921875 0.36328125 0.03046875 0.06640625
1 0.5140625 0.340625 0.03984375 0.06875
1 0.55078125 0.3265625 0.04375 0.07734375
1 0.55859375 0.48671875 0.03671875 0.06484375
1 0.58515625 0.46484375 0.0421875 0.07265625
1 0.63671875 0.46328125 0.0421875 0.06953125
1 0.6578125 0.55859375 0.03984375 0.06640625
1 0.66875 0.640625 0.04765625 0.0796875
1 0.73359375 0.63125 0.0375 0.06796875
1 0.68984375 0.7390625 0.04140625 0.06875
1 0.75390625 0.73515625 0.040625 0.06953125
1 0.78359375 0.88125 0.046875 0.075
1 0.84140625 0.884375 0.04140625 0.06953125
1 0.88515625 0.86328125 0.04609375 0.07578125
1 0.95234375 0.9765625 0.04296875 0.046875
1 0.90625 0.978125 0.0375 0.04375
1 0.7515625 0.984375 0.03046875 0.03046875
1 0.77265625 0.23671875 0.0359375 0.06640625
1 0.81796875 0.14765625 0.040625 0.07265625
1 0.86484375 0.0640625 0.0421875 0.075
1 0.89375 0.01015625 0.028125 0.01875
1 0.96953125 0.04140625 0.0375 0.06484375
1 0.8421875 0.178125 0.04296875 0.075
3 0.88671875 0.1765625 0.04453125 0.075
1 0.80234375 0.271875 0.059375 0.103125
1 0.8390625 0.28125 0.0484375 0.0828125
3 0.88515625 0.28125 0.06328125 0.10546875
1 0.83203125 0.37421875 0.040625 0.0703125
2 0.8484375 0.38828125 0.01484375 0.02578125
2 0.678125 0.49375 0.0171875 0.0296875
2 0.725 0.2875 0.0140625 0.0265625
2 0.71484375 0.33125 0.0140625 0.02890625
2 0.7296875 0.34453125 0.01484375 0.02890625
2 0.75 0.38671875 0.01484375 0.028125
2 0.75859375 0.4 0.01484375 0.02421875
2 0.76640625 0.409375 0.01484375 0.0265625
2 0.778125 0.4078125 0.01484375 0.02890625
2 0.78828125 0.4109375 0.01484375 0.02890625
2 0.8015625 0.4296875 0.0125 0.028125
2 0.78984375 0.43828125 0.01015625 0.02421875
2 0.821875 0.4390625 0.0265625 0.0234375
2 0.81171875 0.46328125 0.0140625 0.021875
2 0.796875 0.46171875 0.0125 0.02421875
2 0.83515625 0.75703125 0.01953125 0.03203125
2 0.721875 0.9078125 0.0140625 0.02734375
2 0.71015625 0.90703125 0.0140625 0.02109375
2 0.70234375 0.92421875 0.0171875 0.028125
2 0.71875 0.95234375 0.0125 0.02734375
2 0.6890625 0.93046875 0.0140625 0.028125
2 0.70625 0.975 0.01640625 0.0265625
2 0.70625 0.9578125 0.01484375 0.0265625
2 0.72421875 0.9890625 0.0140625 0.021875
2 0.6796875 0.95390625 0.01640625 0.025
2 0.67109375 0.9703125 0.015625 0.02578125
2 0.67109375 0.98828125 0.01484375 0.01875
2 0.65703125 0.9890625 0.0171875 0.021875
2 0.28125 0.7921875 0.01796875 0.03125
2 0.2921875 0.8109375 0.0171875 0.03203125
2 0.3015625 0.77734375 0.015625 0.02734375
2 0.3 0.75625 0.015625 0.034375
2 0.31328125 0.79140625 0.0171875 0.03046875
2 0.321875 0.80859375 0.0171875 0.0390625
2 0.33125 0.82265625 0.01640625 0.0328125
2 0.32109375 0.85546875 0.01640625 0.021875
2 0.33984375 0.84453125 0.015625 0.025
2 0.3515625 0.8734375 0.0140625 0.02265625
2 0.35 0.85546875 0.0171875 0.02265625
2 0.334375 0.878125 0.01640625 0.02265625
2 0.36171875 0.88203125 0.01484375 0.025
2 0.3484375 0.91015625 0.01640625 0.0265625
1 0.4 0.9671875 0.03984375 0.06484375
2 0.38828125 0.94609375 0.0125 0.0328125
1 0.2453125 0.94765625 0.04453125 0.06796875
1 0.3 0.94375 0.04140625 0.0625
3 0.35390625 0.97265625 0.0453125 0.0546875