1 0.63671875 0.8125 0.08125 0.034375
1 0.0546875 0.69921875 0.06875 0.040625
1 0.88515625 0.68125 0.0640625 0.0375
1 0.8640625 0.61796875 0.065625 0.040625
1 0.88359375 0.5796875 0.075 0.04375
1 0.70859375 0.56484375 0.0640625 0.0390625
1 0.74296875 0.5390625 0.0671875 0.040625
1 0.7515625 0.49921875 0.06875 0.0390625
1 0.65234375 0.478125 0.0625 0.0375
1 0.571875 0.4703125 0.078125 0.046875
1 0.48515625 0.46171875 0.0703125 0.0421875
1 0.521875 0.40234375 0.06875 0.0390625
1 0.5921875 0.39921875 0.065625 0.0390625
1 0.1484375 0.55859375 0.084375 0.0296875
1 0.36328125 0.37890625 0.0734375 0.0453125
1 0.38515625 0.321875 0.0703125 0.0375
1 0.3828125 0.27109375 0.078125 0.0453125
1 0.2734375 0.25859375 0.084375 0.0484375
1 0.21484375 0.27265625 0.0828125 0.0484375
1 0.27109375 0.2140625 0.06875 0.040625
1 0.12109375 0.16328125 0.0765625 0.04375
1 0.121875 0.11875 0.075 0.046875
1 0.76328125 0.228125 0.065625 0.0375
1 0.85 0.1828125 0.071875 0.040625
1 0.9359375 0.1359375 0.0734375 0.040625
1 0.82265625 0.15859375 0.075 0.0421875
1 0.821875 0.1140625 0.075 0.040625
1 0.728125 0.19765625 0.1 0.0578125
1 0.71875 0.16171875 0.084375 0.046875
1 0.71640625 0.11484375 0.1078125 0.0640625
1 0.625 0.16796875 0.06875 0.0390625
1 0.01640625 0.2484375 0.0328125 0.03125
1 0.990625 0.10859375 0.01875 0.0265625
3 0.046875 0.6265625 0.09375 0.053125
1 0.98359375 0.703125 0.0328125 0.03125
2 0.18359375 0.72890625 0.0265625 0.0140625
2 0.23984375 0.70078125 0.0234375 0.0140625
2 0.21640625 0.6984375 0.0234375 0.0125
2 0.20390625 0.68671875 0.0234375 0.0109375
2 0.18515625 0.70859375 0.021875 0.0125
2 0.18828125 0.67890625 0.0234375 0.0140625
2 0.12109375 0.6921875 0.0265625 0.015625
2 0.175 0.66875 0.028125 0.01875
2 0.153125 0.6609375 0.021875 0.015625
2 0.11953125 0.66640625 0.0203125 0.0171875
2 0.14375 0.64921875 0.021875 0.0171875
2 0.1265625 0.64765625 0.01875 0.015625
2 0.11796875 0.6390625 0.021875 0.015625
2 0.09140625 0.6515625 0.0234375 0.0125
2 0.10546875 0.5921875 0.0296875 0.009375
2 0.08828125 0.2765625 0.025 0.015625
2 0.09296875 0.28984375 0.0203125 0.0140625
2 0.0765625 0.29765625 0.028125 0.015625
2 0.0484375 0.28203125 0.028125 0.0109375
2 0.0703125 0.31171875 0.028125 0.0140625
2 0.04296875 0.29375 0.0296875 0.0125
2 0.02578125 0.29375 0.0265625 0.015625
2 0.0109375 0.2765625 0.021875 0.0125
2 0.04609375 0.3203125 0.025 0.015625
2 0.02890625 0.3296875 0.0265625 0.015625
2 0.01171875 0.32890625 0.0171875 0.0140625
2 0.01015625 0.340625 0.0203125 0.01875