1 0.57734375 0.48125 0.0671875 0.0375
1 0.60625 0.45625 0.075 0.04375
1 0.6046875 0.40859375 0.075 0.0390625
1 0.72421875 0.528125 0.0703125 0.040625
1 0.74296875 0.49140625 0.078125 0.04375
1 0.734375 0.5890625 0.071875 0.034375
2 0.7375 0.56015625 0.040625 0.01875
2 0.85703125 0.6109375 0.0796875 0.0421875
1 0.89609375 0.68515625 0.06875 0.0390625
1 0.971875 0.64609375 0.05625 0.040625
1 0.9390625 0.95078125 0.08125 0.04375
2 0.671875 0.2859375 0.03125 0.01875
2 0.65390625 0.27265625 0.034375 0.01875
2 0.71328125 0.2765625 0.028125 0.01875
2 0.6125 0.25234375 0.03125 0.0171875
2 0.6 0.24296875 0.025 0.0140625
2 0.58671875 0.23671875 0.03125 0.0125
2 0.59140625 0.2234375 0.03125 0.0125
2 0.58984375 0.2125 0.0296875 0.0125
2 0.55625 0.21328125 0.034375 0.0125
2 0.56875 0.20078125 0.034375 0.0109375
2 0.534375 0.19140625 0.03125 0.015625
2 0.55859375 0.1890625 0.0234375 0.0125
2 0.56015625 0.1765625 0.0265625 0.015625
2 0.53359375 0.20625 0.0328125 0.0125
1 0.7625 0.2296875 0.06875 0.0375
3 0.7265625 0.1984375 0.096875 0.059375
1 0.71796875 0.1625 0.0859375 0.046875
3 0.7171875 0.11484375 0.103125 0.059375
1 0.8203125 0.1140625 0.078125 0.046875
2 0.83515625 0.13046875 0.0296875 0.0140625
1 0.821875 0.1578125 0.071875 0.040625
1 0.85 0.1828125 0.075 0.040625
1 0.93515625 0.1359375 0.0734375 0.040625
1 0.98984375 0.10703125 0.0203125 0.0296875
1 0.9859375 0.0140625 0.028125 0.028125
1 0.5140625 0.38828125 0.065625 0.0390625
1 0.4359375 0.38125 0.075 0.046875
1 0.4421875 0.31015625 0.071875 0.0359375
1 0.353125 0.30234375 0.078125 0.0421875
1 0.3390625 0.36640625 0.06875 0.0421875
1 0.203125 0.27265625 0.078125 0.04375
1 0.21171875 0.21875 0.0703125 0.040625
1 0.2234375 0.17265625 0.08125 0.0453125
1 0.10078125 0.1046875 0.0703125 0.040625
1 0.0984375 0.146875 0.090625 0.05
1 0.01640625 0.140625 0.0328125 0.03125
2 0.096875 0.06015625 0.046875 0.0203125
2 0.0703125 0.31328125 0.03125 0.01875
2 0.078125 0.29921875 0.03125 0.0171875
2 0.09609375 0.29140625 0.0296875 0.0171875
2 0.05 0.28046875 0.034375 0.0171875
2 0.090625 0.27890625 0.028125 0.0171875
2 0.04375 0.29453125 0.03125 0.0140625
2 0.02578125 0.2953125 0.0296875 0.01875
2 0.0125 0.27578125 0.025 0.0171875
2 0.0484375 0.321875 0.03125 0.0203125
2 0.03125 0.3296875 0.028125 0.01875
2 0.01484375 0.3296875 0.025 0.0171875
2 0.0109375 0.3421875 0.021875 0.015625
1 0.015625 0.24765625 0.03125 0.034375
1 0.0734375 0.58125 0.078125 0.03125
2 0.06640625 0.6078125 0.028125 0.0125
2 0.22109375 0.6984375 0.0328125 0.015625
2 0.24296875 0.7015625 0.028125 0.015625
2 0.20390625 0.71953125 0.025 0.015625
2 0.18984375 0.7078125 0.03125 0.015625
2 0.20703125 0.68671875 0.0296875 0.0140625
2 0.19296875 0.67734375 0.028125 0.0125
2 0.17734375 0.66796875 0.0296875 0.015625
2 0.15625 0.66015625 0.028125 0.0140625
2 0.1265625 0.64765625 0.021875 0.015625
2 0.14453125 0.65 0.0234375 0.015625
2 0.11796875 0.63828125 0.0234375 0.015625
2 0.090625 0.65234375 0.025 0.0140625
2 0.12109375 0.66640625 0.0203125 0.0171875
2 0.14296875 0.67734375 0.025 0.0140625
1 0.05546875 0.69921875 0.0625 0.0375
1 0.02890625 0.77421875 0.0578125 0.0421875
1 0.9765625 0.778125 0.046875 0.0375