1 0.26484375 0.02890625 0.04609375 0.0578125
1 0.35 0.02109375 0.034375 0.0421875
1 0.34921875 0.0796875 0.03984375 0.06875
1 0.30703125 0.15859375 0.04296875 0.0703125
1 0.3765625 0.18203125 0.04609375 0.075
1 0.41796875 0.14921875 0.0359375 0.0671875
1 0.378125 0.2515625 0.04296875 0.06953125
1 0.45390625 0.24921875 0.04765625 0.08046875
1 0.48203125 0.20625 0.04296875 0.071875
1 0.52578125 0.2921875 0.03984375 0.06875
1 0.54296875 0.37890625 0.0421875 0.07265625
1 0.53125 0.43046875 0.04140625 0.07109375
1 0.45625 0.46484375 0.03046875 0.08203125
1 0.61953125 0.44453125 0.04296875 0.07578125
1 0.615625 0.5765625 0.03828125 0.06953125
1 0.7125 0.6078125 0.040625 0.07265625
1 0.715625 0.68671875 0.04296875 0.078125
1 0.778125 0.7171875 0.0390625 0.06875
1 0.76640625 0.83828125 0.04921875 0.0796875
1 0.9234375 0.86328125 0.0453125 0.0765625
1 0.9140625 0.93828125 0.046875 0.075
1 0.82890625 0.9578125 0.04609375 0.07578125
1 0.7546875 0.9828125 0.034375 0.034375
1 0.303125 0.9453125 0.03984375 0.06640625
1 0.48671875 0.68828125 0.0171875 0.0921875
1 0.8921875 0.01015625 0.025 0.0203125
1 0.86640625 0.06328125 0.03828125 0.07421875
1 0.81953125 0.15 0.0390625 0.07421875
1 0.84375 0.17890625 0.04375 0.0765625
3 0.8875 0.17734375 0.0421875 0.07578125
1 0.83984375 0.28046875 0.046875 0.08359375
2 0.8515625 0.384375 0.015625 0.02421875
1 0.8328125 0.375 0.0390625 0.06875
1 0.7734375 0.23671875 0.0375 0.06875
3 0.803125 0.271875 0.06015625 0.10078125
3 0.4453125 0.7578125 0.03125 0.11328125
2 0.34921875 0.909375 0.01640625 0.0265625
2 0.3625 0.88203125 0.015625 0.02109375
2 0.353125 0.87421875 0.01640625 0.01953125
2 0.353125 0.85546875 0.0171875 0.02109375
2 0.3421875 0.84296875 0.01953125 0.0234375
2 0.33359375 0.821875 0.0171875 0.03203125
2 0.32421875 0.80859375 0.0109375 0.0296875
2 0.31328125 0.7953125 0.01640625 0.02109375
2 0.29609375 0.8046875 0.01484375 0.0203125
2 0.30078125 0.75859375 0.01484375 0.025
2 0.30546875 0.78046875 0.0140625 0.01796875
2 0.44296875 0.65703125 0.00703125 0.0390625
2 0.6546875 0.5375 0.0171875 0.0265625
2 0.684375 0.5140625 0.01640625 0.02734375
2 0.9078125 0.79609375 0.0171875 0.0296875
2 0.72578125 0.2875 0.0140625 0.028125
2 0.715625 0.3296875 0.01484375 0.02734375
2 0.73046875 0.34609375 0.01484375 0.03203125
2 0.75234375 0.3859375 0.015625 0.02890625
2 0.75859375 0.39921875 0.01484375 0.02734375
2 0.76640625 0.41015625 0.01328125 0.028125
2 0.778125 0.40859375 0.01015625 0.03203125
2 0.790625 0.41015625 0.0109375 0.03046875
2 0.78984375 0.43984375 0.0109375 0.02265625
2 0.80234375 0.4296875 0.00859375 0.03125
2 0.79921875 0.4625 0.0140625 0.0171875
2 0.8125 0.4625 0.01015625 0.02109375
2 0.8140625 0.440625 0.01328125 0.01640625
2 0.8484375 0.50546875 0.009375 0.03828125
2 0.36015625 0.38359375 0.0203125 0.02421875
2 0.3421875 0.41328125 0.02109375 0.01953125
2 0.3078125 0.41640625 0.02109375 0.0265625
3 0.8875 0.28203125 0.06015625 0.10703125
2 0.7125 0.90546875 0.0140625 0.0234375
2 0.7046875 0.9234375 0.01640625 0.02734375
2 0.68984375 0.92890625 0.01640625 0.0296875
2 0.68125 0.953125 0.015625 0.0265625
2 0.671875 0.96875 0.01640625 0.0265625
2 0.67265625 0.9875 0.015625 0.0203125
2 0.659375 0.98828125 0.01640625 0.02265625
2 0.709375 0.95546875 0.01484375 0.02890625
2 0.70859375 0.9765625 0.01640625 0.02578125
2 0.72578125 0.98671875 0.0140625 0.0265625
2 0.72109375 0.95078125 0.01015625 0.03125
2 0.40390625 0.37578125 0.0078125 0.03203125