1 0.40390625 0.23046875 0.0453125 0.0796875
1 0.39609375 0.14765625 0.0375 0.0671875
1 0.32265625 0.04609375 0.04375 0.0734375
1 0.37265625 0.04921875 0.040625 0.0734375
1 0.2890625 0.06796875 0.0375 0.0578125
1 0.46328125 0.25546875 0.0390625 0.0671875
1 0.475 0.2015625 0.040625 0.0625
1 0.409375 0.31484375 0.04375 0.0703125
1 0.5328125 0.35546875 0.0375 0.0625
1 0.59375 0.38828125 0.046875 0.0828125
1 0.53203125 0.44140625 0.0484375 0.084375
1 0.48671875 0.43046875 0.0390625 0.0734375
1 0.59453125 0.478125 0.046875 0.08125
1 0.64921875 0.50078125 0.0375 0.0703125
1 0.67578125 0.61171875 0.0421875 0.075
1 0.73671875 0.64453125 0.04375 0.0765625
1 0.69140625 0.70859375 0.04375 0.075
1 0.4625 0.70859375 0.021875 0.0828125
2 0.43203125 0.7890625 0.009375 0.034375
3 0.4125 0.878125 0.046875 0.10625
1 0.23515625 0.75703125 0.034375 0.0859375
2 0.2984375 0.75625 0.015625 0.028125
2 0.30234375 0.778125 0.015625 0.028125
2 0.31171875 0.79375 0.0171875 0.03125
2 0.321875 0.8078125 0.01875 0.028125
2 0.33046875 0.82265625 0.01875 0.0328125
2 0.340625 0.8421875 0.015625 0.03125
2 0.3515625 0.875 0.0125 0.028125
2 0.35234375 0.853125 0.015625 0.025
2 0.36171875 0.88125 0.0125 0.0234375
2 0.34765625 0.90859375 0.0140625 0.0265625
2 0.32421875 0.88515625 0.0171875 0.0265625
1 0.3015625 0.9453125 0.0390625 0.0625
1 0.4171875 0.96640625 0.046875 0.0671875
2 0.8171875 0.76640625 0.01875 0.0296875
2 0.8375 0.77265625 0.01875 0.03125
2 0.89765625 0.79765625 0.0140625 0.03125
1 0.78046875 0.86015625 0.040625 0.0671875
1 0.85859375 0.85546875 0.0421875 0.075
1 0.92734375 0.9609375 0.040625 0.071875
1 0.86875 0.9390625 0.04375 0.075
2 0.7234375 0.91015625 0.015625 0.0296875
2 0.70234375 0.92109375 0.0171875 0.0296875
2 0.709375 0.90546875 0.015625 0.0296875
2 0.70390625 0.97421875 0.0171875 0.0390625
2 0.70546875 0.9546875 0.0171875 0.034375
2 0.71875 0.9515625 0.0125 0.03125
2 0.6703125 0.98515625 0.015625 0.0265625
2 0.66875 0.9671875 0.01875 0.021875
2 0.67890625 0.9515625 0.01875 0.03125
2 0.6875 0.9265625 0.015625 0.034375
2 0.6546875 0.98671875 0.025 0.0265625
1 0.753125 0.984375 0.0375 0.03125
2 0.7234375 0.9875 0.015625 0.025
2 0.31171875 0.36328125 0.01875 0.0296875
2 0.21875 0.203125 0.01875 0.034375
2 0.16875 0.2078125 0.01875 0.034375
2 0.14296875 0.2265625 0.0171875 0.028125
2 0.5203125 0.234375 0.015625 0.028125
2 0.7234375 0.2875 0.015625 0.03125
2 0.7140625 0.33125 0.0125 0.028125
2 0.72890625 0.346875 0.015625 0.028125
2 0.7484375 0.38671875 0.01875 0.0328125
2 0.75703125 0.40234375 0.0140625 0.028125
2 0.7640625 0.4109375 0.0125 0.028125
2 0.77734375 0.40859375 0.0109375 0.03125
2 0.78671875 0.4453125 0.0109375 0.03125
2 0.7875 0.41015625 0.015625 0.0296875
2 0.79921875 0.4609375 0.0109375 0.028125
2 0.7984375 0.43203125 0.015625 0.0296875
2 0.809375 0.4640625 0.0125 0.028125
2 0.8125 0.44140625 0.015625 0.025
2 0.825 0.43828125 0.0125 0.03125
2 0.84921875 0.3859375 0.0203125 0.028125
1 0.83046875 0.375 0.040625 0.0734375
3 0.884375 0.28359375 0.0625 0.1078125
1 0.8359375 0.28046875 0.046875 0.0828125
3 0.8015625 0.2734375 0.059375 0.1
1 0.76953125 0.2390625 0.0421875 0.071875
1 0.8140625 0.15234375 0.04375 0.075
1 0.83984375 0.17890625 0.040625 0.078125
1 0.88359375 0.178125 0.0453125 0.071875
1 0.8625 0.065625 0.040625 0.075
1 0.8890625 0.0125 0.03125 0.025