1 0.47265625 0.6375 0.0734375 0.04375
1 0.47109375 0.5546875 0.0734375 0.040625
1 0.41171875 0.56171875 0.071875 0.040625
1 0.50625 0.4625 0.084375 0.0265625
1 0.325 0.5453125 0.06875 0.040625
1 0.2828125 0.4765625 0.08125 0.046875
1 0.23203125 0.496875 0.0796875 0.04375
1 0.2765625 0.39453125 0.075 0.040625
1 0.215625 0.4 0.08125 0.046875
1 0.17578125 0.43203125 0.0640625 0.0359375
1 0.1734375 0.32109375 0.075 0.04375
1 0.1046875 0.36875 0.06875 0.040625
1 0.03828125 0.36875 0.0671875 0.040625
1 0.0515625 0.28671875 0.08125 0.0484375
2 0.396875 0.40078125 0.0375 0.0140625
2 0.40390625 0.28515625 0.0328125 0.0171875
2 0.3984375 0.31953125 0.034375 0.0171875
2 0.371875 0.34609375 0.03125 0.0171875
3 0.77890625 0.44140625 0.1125 0.03125
2 0.68359375 0.4421875 0.0421875 0.009375
1 0.72890625 0.4828125 0.09375 0.021875
1 0.61796875 0.63828125 0.071875 0.0375
2 0.5734375 0.67890625 0.03125 0.01875
2 0.5546875 0.7078125 0.034375 0.015625
1 0.6421875 0.73203125 0.075 0.040625
1 0.72421875 0.7390625 0.075 0.040625
1 0.746875 0.79921875 0.075 0.040625
1 0.884375 0.80078125 0.078125 0.0484375
1 0.88984375 0.93828125 0.0796875 0.0453125
1 0.971875 0.94296875 0.05625 0.0453125
1 0.9796875 0.8515625 0.040625 0.028125
2 0.83125 0.928125 0.034375 0.015625
2 0.5515625 0.8453125 0.034375 0.0125
2 0.984375 0.659375 0.03125 0.01875
2 0.98203125 0.67265625 0.0296875 0.01875
2 0.96640625 0.67265625 0.03125 0.0171875
2 0.953125 0.67890625 0.034375 0.0203125
2 0.925 0.68828125 0.034375 0.0171875
2 0.971875 0.70625 0.03125 0.0171875
2 0.94921875 0.70546875 0.028125 0.0140625
2 0.91796875 0.703125 0.03125 0.01875
2 0.9015625 0.709375 0.034375 0.01875
2 0.98515625 0.72421875 0.0296875 0.015625
2 0.95 0.71953125 0.034375 0.0140625
2 0.92734375 0.73359375 0.03125 0.0171875
1 0.98125 0.7546875 0.0375 0.034375
1 0.9421875 0.30390625 0.05625 0.0390625
2 0.9078125 0.35 0.028125 0.015625
2 0.8734375 0.353125 0.025 0.0125
2 0.8796875 0.36484375 0.03125 0.0140625
2 0.84375 0.340625 0.0265625 0.01875
2 0.853125 0.35390625 0.025 0.0140625
2 0.80625 0.2953125 0.034375 0.015625
2 0.81015625 0.32578125 0.0328125 0.015625
2 0.8203125 0.33359375 0.03125 0.0171875
2 0.79453125 0.315625 0.03125 0.015625
2 0.7765625 0.30546875 0.028125 0.0140625
2 0.75625 0.3015625 0.0375 0.0125
2 0.28828125 0.72421875 0.0296875 0.0140625
2 0.3328125 0.7140625 0.03125 0.015625
2 0.3453125 0.7296875 0.034375 0.015625
2 0.3859375 0.75078125 0.034375 0.015625
2 0.403125 0.759375 0.0375 0.015625
2 0.4109375 0.76640625 0.028125 0.0109375
2 0.40859375 0.77890625 0.0296875 0.0109375
2 0.40859375 0.78828125 0.0296875 0.0125
2 0.4421875 0.7890625 0.034375 0.0125
2 0.465625 0.81015625 0.03125 0.0171875
2 0.446875 0.81015625 0.03125 0.0140625
2 0.43046875 0.8015625 0.0296875 0.009375
2 0.4375 0.82578125 0.03125 0.0140625
2 0.37421875 0.8328125 0.0671875 0.0375
2 0.3875 0.8484375 0.03125 0.01875
3 0.28203125 0.884375 0.1078125 0.059375
1 0.2796875 0.83828125 0.08125 0.0421875
1 0.178125 0.88671875 0.071875 0.04375
1 0.17734375 0.84296875 0.0765625 0.0390625
3 0.27421875 0.80390625 0.103125 0.0578125
1 0.2375 0.771875 0.06875 0.0375
1 0.14921875 0.81875 0.0671875 0.0375
1 0.0640625 0.86484375 0.071875 0.040625
1 0.01015625 0.89140625 0.0203125 0.0265625