1 0.028125 0.64140625 0.05625 0.0359375
1 0.0921875 0.6421875 0.065625 0.040625
1 0.0390625 0.72421875 0.078125 0.0484375
1 0.165625 0.6859375 0.071875 0.046875
1 0.2 0.61171875 0.078125 0.046875
1 0.1640625 0.575 0.065625 0.0375
1 0.265625 0.6140625 0.06875 0.040625
1 0.2671875 0.534375 0.078125 0.05
1 0.21953125 0.509375 0.075 0.04375
1 0.309375 0.4640625 0.06875 0.040625
1 0.39609375 0.446875 0.071875 0.040625
1 0.453125 0.45703125 0.071875 0.0421875
1 0.46015625 0.371875 0.075 0.04375
1 0.59921875 0.371875 0.06875 0.0375
1 0.70703125 0.27265625 0.075 0.0421875
1 0.62734375 0.2765625 0.075 0.040625
1 0.734375 0.2109375 0.071875 0.04375
1 0.8640625 0.215625 0.078125 0.05
1 0.971875 0.15703125 0.05625 0.0421875
1 0.9625 0.0703125 0.075 0.046875
1 0.87890625 0.06875 0.078125 0.04375
1 0.0109375 0.10625 0.021875 0.0296875
1 0.0640625 0.134375 0.075 0.040625
1 0.14921875 0.18125 0.0734375 0.040625
1 0.17890625 0.15625 0.078125 0.040625
1 0.17734375 0.11328125 0.0765625 0.0421875
1 0.2359375 0.2265625 0.065625 0.034375
3 0.27109375 0.196875 0.1015625 0.059375
1 0.28125 0.16015625 0.08125 0.0453125
3 0.28203125 0.11328125 0.1078125 0.0609375
2 0.384375 0.14921875 0.025 0.0140625
1 0.37421875 0.16796875 0.0671875 0.0390625
1 0.48671875 0.540625 0.084375 0.028125
1 0.71015625 0.51484375 0.0921875 0.025
1 0.9453125 0.696875 0.06875 0.040625
1 0.98359375 0.2484375 0.0328125 0.028125
3 0.76875 0.55625 0.1125 0.03125
2 0.6703125 0.55703125 0.034375 0.0109375
2 0.55703125 0.3328125 0.028125 0.0171875
2 0.5359375 0.30390625 0.0265625 0.0171875
2 0.28671875 0.27421875 0.028125 0.0140625
2 0.3296875 0.284375 0.028125 0.0125
2 0.3453125 0.2703125 0.03125 0.015625
2 0.41015625 0.23359375 0.028125 0.0125
2 0.40078125 0.240625 0.025 0.0125
2 0.38515625 0.246875 0.025 0.015625
2 0.4078125 0.22109375 0.028125 0.0109375
2 0.4109375 0.21171875 0.028125 0.0140625
2 0.440625 0.21015625 0.025 0.009375
2 0.43046875 0.1984375 0.0296875 0.009375
2 0.4609375 0.20078125 0.0203125 0.0125
2 0.44140625 0.1875 0.01875 0.0109375
2 0.4625 0.18828125 0.01875 0.0109375
2 0.5296875 0.1546875 0.034375 0.009375
2 0.3875 0.596875 0.0375 0.0125
2 0.3765625 0.64765625 0.025 0.01875
2 0.40703125 0.6703125 0.01875 0.021875
2 0.4078125 0.703125 0.021875 0.01875
2 0.75859375 0.69921875 0.0234375 0.0125
2 0.7796875 0.6953125 0.015625 0.0125
2 0.809375 0.7046875 0.034375 0.015625
2 0.79453125 0.68515625 0.0203125 0.0125
2 0.81015625 0.67578125 0.0203125 0.0109375
2 0.82578125 0.66796875 0.0234375 0.0140625
2 0.84296875 0.6578125 0.028125 0.01875
2 0.8734375 0.646875 0.01875 0.015625
2 0.85546875 0.64765625 0.01875 0.0171875
2 0.88125 0.63671875 0.025 0.015625
2 0.90859375 0.65 0.0265625 0.01875
2 0.93125 0.2625 0.025 0.015625
2 0.92265625 0.2953125 0.0265625 0.015625
2 0.95625 0.2921875 0.03125 0.0140625
2 0.975 0.2921875 0.025 0.015625
2 0.98828125 0.275 0.0234375 0.0125
2 0.9515625 0.28046875 0.03125 0.0109375
2 0.92890625 0.309375 0.028125 0.015625
2 0.9875 0.3265625 0.0171875 0.015625
2 0.98984375 0.3390625 0.0203125 0.01875
2 0.99765625 0.3484375 0.0046875 0.009375
2 0.9671875 0.328125 0.025 0.015625
2 0.9515625 0.31953125 0.028125 0.0171875
2 0.90703125 0.2875 0.0234375 0.015625
2 0.81328125 0.0828125 0.0296875 0.015625