1 0.48125 0.42265625 0.0375 0.06875
1 0.45625 0.39375 0.04375 0.075
1 0.40859375 0.3953125 0.0390625 0.075
1 0.528125 0.27578125 0.040625 0.0703125
1 0.49140625 0.25703125 0.04375 0.0796875
1 0.5890625 0.265625 0.034375 0.071875
2 0.56015625 0.2625 0.01875 0.040625
2 0.6109375 0.14296875 0.040625 0.0796875
1 0.68515625 0.10390625 0.0390625 0.0703125
1 0.64609375 0.028125 0.040625 0.05625
1 0.95078125 0.0609375 0.04375 0.08125
2 0.2859375 0.328125 0.01875 0.03125
2 0.27265625 0.34609375 0.0171875 0.0359375
2 0.2765625 0.28671875 0.01875 0.028125
2 0.25234375 0.3875 0.0171875 0.03125
2 0.24296875 0.4 0.015625 0.0265625
2 0.23671875 0.41328125 0.0125 0.03125
2 0.2234375 0.40859375 0.0125 0.03125
2 0.2125 0.41015625 0.0125 0.0296875
2 0.21328125 0.44375 0.0140625 0.034375
2 0.20078125 0.43125 0.0109375 0.034375
2 0.19140625 0.465625 0.015625 0.03125
2 0.1890625 0.44140625 0.0125 0.0234375
2 0.1765625 0.43984375 0.015625 0.0265625
2 0.20625 0.46640625 0.0125 0.0328125
1 0.2296875 0.2375 0.0375 0.06875
3 0.1984375 0.2734375 0.059375 0.096875
1 0.1625 0.28203125 0.046875 0.084375
3 0.11484375 0.2828125 0.059375 0.103125
1 0.1140625 0.1796875 0.046875 0.078125
2 0.13046875 0.16484375 0.0140625 0.03125
1 0.1578125 0.178125 0.040625 0.071875
1 0.1828125 0.15 0.040625 0.075
1 0.1359375 0.06484375 0.040625 0.0734375
1 0.10703125 0.01015625 0.028125 0.01875
1 0.0140625 0.0140625 0.028125 0.028125
1 0.38828125 0.4859375 0.040625 0.065625
1 0.38125 0.5640625 0.046875 0.075
1 0.31015625 0.5578125 0.0359375 0.071875
1 0.30234375 0.646875 0.0421875 0.078125
1 0.36640625 0.6609375 0.0421875 0.06875
1 0.27265625 0.796875 0.04375 0.078125
1 0.21875 0.78828125 0.040625 0.071875
1 0.17265625 0.7765625 0.0453125 0.08125
1 0.1046875 0.89921875 0.040625 0.0703125
1 0.146875 0.9015625 0.05 0.090625
1 0.140625 0.98359375 0.03125 0.03125
2 0.06015625 0.903125 0.0203125 0.046875
2 0.31328125 0.9296875 0.0171875 0.03125
2 0.29921875 0.921875 0.0171875 0.03125
2 0.29140625 0.90390625 0.0171875 0.0296875
2 0.28046875 0.95 0.01875 0.034375
2 0.27890625 0.909375 0.0171875 0.028125
2 0.29453125 0.95625 0.0140625 0.03125
2 0.2953125 0.97421875 0.01875 0.0296875
2 0.27578125 0.9875 0.0171875 0.025
2 0.321875 0.9515625 0.0203125 0.03125
2 0.3296875 0.96875 0.01875 0.028125
2 0.3296875 0.98515625 0.015625 0.0265625
2 0.3421875 0.9890625 0.015625 0.021875
1 0.24765625 0.984375 0.034375 0.03125
1 0.58125 0.9265625 0.0328125 0.078125
2 0.6078125 0.93359375 0.0125 0.028125
2 0.6984375 0.77890625 0.0140625 0.03125
2 0.7015625 0.75703125 0.0171875 0.028125
2 0.71953125 0.79609375 0.015625 0.0234375
2 0.7078125 0.81015625 0.015625 0.03125
2 0.68671875 0.79296875 0.0140625 0.0296875
2 0.67734375 0.80703125 0.0140625 0.0296875
2 0.66796875 0.82265625 0.0171875 0.0296875
2 0.66015625 0.84375 0.0140625 0.028125
2 0.64765625 0.8734375 0.015625 0.021875
2 0.65 0.85546875 0.015625 0.0234375
2 0.63828125 0.88203125 0.015625 0.0234375
2 0.65234375 0.909375 0.0140625 0.025
2 0.66640625 0.87890625 0.0171875 0.0203125
2 0.67734375 0.85703125 0.0140625 0.025
1 0.69921875 0.94453125 0.0375 0.0625
1 0.77421875 0.97109375 0.0421875 0.0578125
1 0.778125 0.0234375 0.0375 0.046875