1 0.73359375 0.96953125 0.046875 0.0609375
1 0.64765625 0.9765625 0.0375 0.046875
1 0.64921875 0.91875 0.0421875 0.06875
1 0.69296875 0.84296875 0.0453125 0.0734375
1 0.621875 0.81640625 0.046875 0.0765625
1 0.621875 0.74453125 0.046875 0.0671875
1 0.58203125 0.84921875 0.0359375 0.065625
1 0.51796875 0.79296875 0.040625 0.0703125
1 0.54296875 0.746875 0.0484375 0.08125
1 0.47265625 0.7046875 0.0390625 0.06875
1 0.45546875 0.61796875 0.0421875 0.0734375
1 0.46796875 0.565625 0.040625 0.071875
1 0.37890625 0.55234375 0.04375 0.075
1 0.38203125 0.41796875 0.0375 0.0703125
1 0.2859375 0.3890625 0.040625 0.071875
1 0.2828125 0.3109375 0.0421875 0.075
1 0.2203125 0.28125 0.040625 0.065625
1 0.23125 0.15859375 0.05 0.0796875
1 0.075 0.1328125 0.04375 0.078125
1 0.084375 0.05703125 0.0453125 0.0765625
1 0.16875 0.03984375 0.046875 0.075
1 0.2453125 0.01640625 0.034375 0.0328125
1 0.696875 0.0546875 0.040625 0.065625
1 0.54296875 0.53203125 0.0296875 0.0828125
1 0.5140625 0.3078125 0.021875 0.09375
1 0.10703125 0.9890625 0.0296875 0.021875
1 0.13515625 0.9359375 0.0421875 0.075
1 0.15625 0.8203125 0.040625 0.078125
3 0.1125 0.82265625 0.04375 0.075
1 0.17890625 0.85625 0.0375 0.0625
1 0.22578125 0.7640625 0.0359375 0.06875
3 0.19609375 0.72734375 0.0578125 0.1015625
1 0.159375 0.71953125 0.04375 0.0796875
3 0.11328125 0.71796875 0.0609375 0.10625
2 0.14921875 0.615625 0.0140625 0.025
1 0.1671875 0.62578125 0.0375 0.0703125
3 0.5546875 0.24140625 0.03125 0.1140625
2 0.55625 0.33984375 0.0125 0.0359375
2 0.5953125 0.62421875 0.00625 0.034375
2 0.66015625 0.58671875 0.01875 0.0203125
2 0.64140625 0.61796875 0.01875 0.0234375
2 0.6921875 0.58046875 0.01875 0.028125
2 0.3140625 0.48203125 0.015625 0.0296875
2 0.34453125 0.459375 0.0171875 0.028125
2 0.1515625 0.49140625 0.009375 0.0390625
2 0.27421875 0.7125 0.0125 0.028125
2 0.28359375 0.6671875 0.0140625 0.03125
2 0.26875 0.6546875 0.0125 0.028125
2 0.24921875 0.61484375 0.0125 0.025
2 0.24140625 0.603125 0.0140625 0.021875
2 0.23359375 0.58984375 0.0109375 0.028125
2 0.22109375 0.5921875 0.009375 0.028125
2 0.2109375 0.59140625 0.009375 0.0296875
2 0.2109375 0.5609375 0.0109375 0.021875
2 0.1984375 0.571875 0.0109375 0.025
2 0.184375 0.56328125 0.0125 0.0125
2 0.20390625 0.5375 0.0140625 0.021875
2 0.18828125 0.53828125 0.0125 0.01875
2 0.08984375 0.20078125 0.015625 0.028125
2 0.33828125 0.01171875 0.01875 0.01875
2 0.34921875 0.00234375 0.0109375 0.0046875
2 0.32578125 0.01171875 0.0140625 0.0171875
2 0.328125 0.03359375 0.015625 0.0234375
2 0.31875 0.0484375 0.015625 0.03125
2 0.309375 0.0734375 0.015625 0.0296875
2 0.2953125 0.07890625 0.0140625 0.0265625
2 0.29375 0.05 0.0125 0.021875
2 0.29296875 0.025 0.0125 0.021875
2 0.2796875 0.0515625 0.0125 0.028125
2 0.26015625 0.06484375 0.015625 0.03125
2 0.2875 0.0953125 0.015625 0.025
2 0.27421875 0.01171875 0.0125 0.0234375
2 0.65 0.08984375 0.015625 0.0265625
2 0.63515625 0.1171875 0.0125 0.01875
2 0.646875 0.12578125 0.015625 0.0203125
2 0.646875 0.1453125 0.015625 0.021875
2 0.659375 0.1546875 0.015625 0.025
2 0.66953125 0.17265625 0.0125 0.0234375
2 0.6765625 0.190625 0.0125 0.01875
2 0.69921875 0.2421875 0.0125 0.021875
2 0.70546875 0.1859375 0.0125 0.028125
2 0.69453125 0.221875 0.0140625 0.01875
2 0.68359375 0.20703125 0.0125 0.0203125