2 0.58515625 0.696875 0.0375 0.0203125
2 0.5875 0.6625 0.025 0.01875
2 0.61875 0.64296875 0.028125 0.0234375
2 0.64453125 0.6109375 0.0296875 0.01875
2 0.62109375 0.596875 0.0359375 0.009375
2 0.2453125 0.6984375 0.034375 0.015625
2 0.21875 0.69609375 0.01875 0.0140625
2 0.1921875 0.7046875 0.0375 0.015625
2 0.20390625 0.68671875 0.0296875 0.0171875
2 0.18671875 0.67890625 0.034375 0.01875
2 0.17578125 0.6671875 0.03125 0.0171875
2 0.15859375 0.65859375 0.0296875 0.01875
2 0.14765625 0.646875 0.0265625 0.01875
2 0.1265625 0.64609375 0.021875 0.0171875
2 0.11875 0.6359375 0.021875 0.015625
2 0.08984375 0.65078125 0.0265625 0.0171875
3 0.821875 0.11328125 0.078125 0.046875
1 0.82109375 0.15625 0.0765625 0.04375
1 0.85078125 0.18125 0.0765625 0.04375
1 0.9359375 0.13515625 0.078125 0.0421875
1 0.9890625 0.10703125 0.021875 0.0265625
3 0.71796875 0.1140625 0.1078125 0.0625
1 0.71953125 0.1609375 0.0828125 0.046875
3 0.72734375 0.19609375 0.103125 0.059375
1 0.7625 0.228125 0.071875 0.040625
1 0.62578125 0.16640625 0.0703125 0.040625
2 0.61484375 0.15 0.0265625 0.01875
2 0.71171875 0.27421875 0.0296875 0.015625
2 0.67109375 0.284375 0.0328125 0.015625
2 0.65546875 0.26953125 0.0296875 0.0171875
2 0.61640625 0.24765625 0.025 0.015625
2 0.6 0.240625 0.028125 0.015625
2 0.590625 0.2328125 0.025 0.0125
2 0.5921875 0.22109375 0.028125 0.0140625
2 0.5890625 0.2125 0.03125 0.015625
2 0.5734375 0.1984375 0.021875 0.0125
2 0.56328125 0.20859375 0.0171875 0.009375
2 0.56171875 0.18515625 0.0234375 0.0171875
2 0.5625 0.16953125 0.021875 0.0140625
2 0.484375 0.153125 0.034375 0.0109375
2 0.53515625 0.18828125 0.0265625 0.0140625
2 0.53984375 0.19921875 0.0203125 0.009375
2 0.1953125 0.08828125 0.028125 0.0171875
1 0.13046875 0.0734375 0.08125 0.046875
1 0.05078125 0.0796875 0.0796875 0.046875
1 0.03515625 0.16484375 0.0703125 0.0453125
1 0.15078125 0.2265625 0.078125 0.046875
2 0.0671875 0.26171875 0.028125 0.0171875
2 0.09375 0.2875 0.021875 0.0125
2 0.07734375 0.29609375 0.0296875 0.0171875
2 0.04921875 0.2796875 0.0328125 0.0125
2 0.07265625 0.31015625 0.0265625 0.015625
2 0.04453125 0.29140625 0.03125 0.0140625
2 0.02578125 0.2921875 0.0265625 0.015625
2 0.01171875 0.275 0.0234375 0.0125
2 0.04765625 0.31953125 0.0265625 0.0171875
2 0.03046875 0.328125 0.0265625 0.015625
2 0.0109375 0.3265625 0.021875 0.015625
2 0.0109375 0.3421875 0.021875 0.01875
1 0.0171875 0.2453125 0.034375 0.034375
1 0.2765625 0.21796875 0.071875 0.0421875
1 0.38515625 0.2828125 0.0765625 0.04375
1 0.30546875 0.2796875 0.075 0.04375
1 0.41328125 0.37890625 0.071875 0.040625
1 0.05546875 0.696875 0.0703125 0.040625
1 0.96640625 0.73125 0.065625 0.0484375
1 0.97421875 0.6453125 0.0484375 0.040625
1 0.9140625 0.646875 0.065625 0.04375
1 0.84453125 0.57890625 0.0671875 0.0375
1 0.83828125 0.68984375 0.0703125 0.04375
1 0.81015625 0.61875 0.078125 0.046875
1 0.74296875 0.61875 0.0703125 0.04375
3 0.74296875 0.540625 0.08125 0.05
1 0.78828125 0.5140625 0.078125 0.046875
1 0.70078125 0.4703125 0.06875 0.040625
1 0.61328125 0.453125 0.075 0.0421875
1 0.559375 0.4640625 0.075 0.04375
1 0.52578125 0.5421875 0.0828125 0.03125
1 0.54765625 0.3765625 0.075 0.04375
1 0.30234375 0.5140625 0.0921875 0.021875
3 0.2375 0.55546875 0.1125 0.0328125
2 0.4546875 0.340625 0.028125 0.01875
2 0.4765625 0.3109375 0.034375 0.01875
2 0.3375 0.55703125 0.03125 0.009375