1 0.4578125 0.47109375 0.03125 0.09140625
1 0.5359375 0.43828125 0.03984375 0.07421875
1 0.546875 0.3796875 0.03984375 0.07421875
2 0.29765625 0.809375 0.01484375 0.03203125
3 0.44296875 0.7640625 0.0328125 0.1171875
1 0.4859375 0.69765625 0.02109375 0.1015625
2 0.71796875 0.33046875 0.0125 0.028125
2 0.71796875 0.85859375 0.01953125 0.03671875
1 0.52890625 0.29609375 0.03984375 0.06796875
1 0.459375 0.26015625 0.05 0.07890625
1 0.48671875 0.209375 0.040625 0.07578125
1 0.41953125 0.153125 0.040625 0.06796875
1 0.38046875 0.2578125 0.0421875 0.06796875
1 0.3796875 0.18671875 0.04921875 0.07734375
1 0.31015625 0.16015625 0.04453125 0.07109375
1 0.35234375 0.08125 0.0421875 0.06953125
1 0.26796875 0.03203125 0.0484375 0.0640625
1 0.3515625 0.01953125 0.03671875 0.03828125
2 0.44453125 0.66328125 0.01015625 0.03984375
1 0.61875 0.58203125 0.03828125 0.06796875
1 0.62265625 0.44921875 0.0421875 0.07734375
3 0.8859375 0.284375 0.0671875 0.1125
3 0.884375 0.17734375 0.0484375 0.08046875
1 0.84375 0.178125 0.0421875 0.07734375
1 0.86484375 0.065625 0.0421875 0.078125
1 0.8171875 0.153125 0.0453125 0.08203125
1 0.7703125 0.23828125 0.0421875 0.07421875
3 0.803125 0.27265625 0.06015625 0.1046875
1 0.8921875 0.01171875 0.040625 0.0234375
2 0.72578125 0.28671875 0.015625 0.03046875
2 0.73046875 0.3453125 0.015625 0.03046875
2 0.75 0.3875 0.01875 0.03671875
2 0.75859375 0.403125 0.01640625 0.03046875
2 0.765625 0.41171875 0.015625 0.03515625
2 0.778125 0.409375 0.01484375 0.03203125
2 0.7875 0.41171875 0.0171875 0.03359375
2 0.78671875 0.4453125 0.0171875 0.03515625
2 0.80234375 0.42890625 0.0140625 0.02890625
2 0.796875 0.465625 0.01640625 0.0328125
2 0.82421875 0.4390625 0.02265625 0.03125
2 0.809375 0.46328125 0.0171875 0.04453125
1 0.8328125 0.3765625 0.0390625 0.0765625
2 0.84765625 0.3890625 0.01875 0.03359375
2 0.68828125 0.521875 0.0171875 0.0375
2 0.6578125 0.54375 0.01875 0.03203125
1 0.71484375 0.61328125 0.04140625 0.07734375
1 0.71796875 0.69140625 0.04609375 0.075
1 0.78125 0.71875 0.040625 0.071875
1 0.77109375 0.84453125 0.04921875 0.08359375
2 0.3046875 0.41640625 0.01875 0.03125
2 0.33828125 0.4140625 0.0203125 0.02578125
2 0.3578125 0.38125 0.01796875 0.03515625
2 0.40390625 0.37890625 0.0125 0.0375
2 0.303125 0.78203125 0.01796875 0.034375
2 0.30078125 0.75703125 0.0171875 0.0375
2 0.3140625 0.79296875 0.01640625 0.0328125
2 0.3234375 0.8078125 0.015625 0.0296875
2 0.33203125 0.82421875 0.01796875 0.03671875
2 0.340625 0.84296875 0.01484375 0.0328125
2 0.353125 0.8546875 0.01796875 0.02578125
2 0.353125 0.8734375 0.01640625 0.0203125
2 0.36328125 0.88125 0.015625 0.0234375
2 0.34921875 0.909375 0.01484375 0.02578125
1 0.3015625 0.9453125 0.04140625 0.06796875
1 0.92578125 0.8671875 0.04453125 0.08125
1 0.9171875 0.94609375 0.05 0.0765625
1 0.83359375 0.96328125 0.046875 0.0734375
2 0.73828125 0.93515625 0.0171875 0.0265625
2 0.7203125 0.9515625 0.015625 0.03046875
2 0.71171875 0.90546875 0.01484375 0.02578125
2 0.70390625 0.921875 0.01640625 0.02734375
2 0.68984375 0.928125 0.0171875 0.03203125
2 0.7078125 0.95625 0.0140625 0.03515625
2 0.70625 0.97578125 0.01796875 0.03125
2 0.7265625 0.98515625 0.01953125 0.02890625
2 0.68125 0.95234375 0.01953125 0.03203125
2 0.671875 0.96796875 0.0171875 0.02578125
2 0.65859375 0.98828125 0.01796875 0.0234375
2 0.67265625 0.9859375 0.0171875 0.025
2 0.91015625 0.80234375 0.01640625 0.0359375