1 0.6390625 0.96953125 0.0375 0.0609375
1 0.72265625 0.96171875 0.046875 0.0765625
1 0.640625 0.90234375 0.0375 0.0640625
1 0.68515625 0.83046875 0.0421875 0.0703125
1 0.61015625 0.7984375 0.0453125 0.075
1 0.6125 0.7328125 0.040625 0.0703125
1 0.57421875 0.834375 0.0375 0.06875
1 0.5328125 0.73125 0.046875 0.08125
1 0.509375 0.778125 0.04375 0.078125
1 0.4625 0.6875 0.0375 0.06875
1 0.4453125 0.6015625 0.0421875 0.071875
1 0.4546875 0.54296875 0.040625 0.075
1 0.36953125 0.53671875 0.04375 0.075
1 0.3703125 0.39765625 0.0375 0.06875
1 0.2765625 0.371875 0.040625 0.075
1 0.27109375 0.28984375 0.0421875 0.075
1 0.2109375 0.2640625 0.040625 0.071875
1 0.21328125 0.13359375 0.05 0.078125
1 0.06796875 0.1203125 0.04375 0.078125
1 0.06875 0.0359375 0.046875 0.071875
1 0.15625 0.0265625 0.0375 0.053125
1 0.24765625 0.01640625 0.0296875 0.0328125
1 0.515625 0.2859375 0.021875 0.090625
3 0.55703125 0.2296875 0.0328125 0.1125
1 0.69765625 0.0546875 0.0390625 0.06875
1 0.53984375 0.5109375 0.0296875 0.084375
1 0.1078125 0.98984375 0.028125 0.0203125
1 0.134375 0.93671875 0.040625 0.0734375
1 0.18046875 0.85234375 0.0390625 0.071875
1 0.15625 0.821875 0.04375 0.075
1 0.1125 0.82265625 0.0421875 0.075
1 0.22578125 0.765625 0.0359375 0.065625
3 0.19609375 0.728125 0.0578125 0.103125
1 0.16015625 0.72109375 0.046875 0.0796875
3 0.1140625 0.71875 0.059375 0.10625
2 0.15 0.6171875 0.015625 0.021875
1 0.16640625 0.62578125 0.0390625 0.0671875
2 0.27421875 0.71171875 0.015625 0.03125
2 0.284375 0.6703125 0.015625 0.028125
2 0.26953125 0.65546875 0.015625 0.0296875
2 0.24765625 0.615625 0.0171875 0.028125
2 0.24140625 0.5984375 0.0140625 0.028125
2 0.23359375 0.590625 0.0125 0.028125
2 0.221875 0.59375 0.0125 0.03125
2 0.2109375 0.58984375 0.0125 0.028125
2 0.21015625 0.559375 0.009375 0.025
2 0.1984375 0.56953125 0.009375 0.0296875
2 0.203125 0.53671875 0.0125 0.021875
2 0.18828125 0.55859375 0.0109375 0.0203125
2 0.1890625 0.5375 0.0125 0.01875
2 0.3015625 0.4609375 0.015625 0.028125
2 0.33125 0.43984375 0.01875 0.0265625
2 0.08125 0.1828125 0.0171875 0.03125
2 0.1546875 0.4671875 0.009375 0.034375
2 0.2625 0.06875 0.015625 0.0234375
2 0.2875 0.09296875 0.0125 0.021875
2 0.29609375 0.078125 0.0171875 0.025
2 0.309375 0.071875 0.015625 0.025
2 0.2921875 0.04453125 0.015625 0.0328125
2 0.2796875 0.04921875 0.0125 0.0328125
2 0.2921875 0.025 0.015625 0.025
2 0.275 0.0109375 0.0125 0.021875
2 0.31796875 0.04609375 0.015625 0.0234375
2 0.328125 0.03203125 0.015625 0.0265625
2 0.3265625 0.01328125 0.015625 0.0171875
2 0.33671875 0.01015625 0.021875 0.0203125
2 0.35078125 0.00390625 0.0078125 0.0078125
2 0.69765625 0.24375 0.015625 0.028125
2 0.69453125 0.21953125 0.0125 0.0203125
2 0.70390625 0.190625 0.0125 0.028125
2 0.68515625 0.2046875 0.0125 0.021875
2 0.67578125 0.190625 0.0125 0.0203125
2 0.6671875 0.175 0.0140625 0.021875
2 0.6578125 0.15625 0.01875 0.025
2 0.646875 0.14453125 0.0171875 0.01875
2 0.646875 0.1265625 0.01875 0.01875
2 0.6359375 0.11953125 0.015625 0.0203125
2 0.65078125 0.09140625 0.015625 0.0234375
2 0.55703125 0.328125 0.0078125 0.03125
2 0.59765625 0.6125 0.009375 0.0375
2 0.64921875 0.62578125 0.0171875 0.0234375
2 0.67109375 0.59453125 0.0171875 0.0171875
2 0.70546875 0.5921875 0.0171875 0.025