1 0.73359375 0.03046875 0.046875 0.0609375
1 0.64765625 0.0234375 0.0375 0.046875
1 0.64921875 0.08125 0.040625 0.06875
1 0.69296875 0.15703125 0.0453125 0.0734375
1 0.621875 0.18359375 0.046875 0.0765625
1 0.621875 0.25546875 0.046875 0.0671875
1 0.58203125 0.15078125 0.0359375 0.065625
1 0.51796875 0.20703125 0.040625 0.071875
1 0.54296875 0.253125 0.0484375 0.08125
1 0.47265625 0.2953125 0.0390625 0.06875
1 0.45546875 0.38203125 0.0421875 0.0734375
1 0.46796875 0.434375 0.040625 0.071875
1 0.37890625 0.44765625 0.04375 0.075
1 0.38203125 0.58203125 0.0375 0.0703125
1 0.2859375 0.6109375 0.040625 0.071875
1 0.2828125 0.6890625 0.040625 0.075
1 0.2203125 0.71875 0.0390625 0.065625
1 0.23125 0.84140625 0.0484375 0.08125
1 0.075 0.8671875 0.04375 0.078125
1 0.084375 0.94296875 0.04375 0.0765625
1 0.16875 0.96015625 0.046875 0.075
1 0.2453125 0.98359375 0.034375 0.0328125
1 0.696875 0.9453125 0.040625 0.065625
1 0.54296875 0.46796875 0.03125 0.084375
1 0.5140625 0.6921875 0.0203125 0.09375
1 0.10703125 0.0109375 0.0296875 0.021875
1 0.13515625 0.0640625 0.0421875 0.075
1 0.15625 0.1796875 0.040625 0.078125
3 0.1125 0.17734375 0.04375 0.075
1 0.17890625 0.14375 0.0375 0.0625
1 0.22578125 0.2359375 0.0359375 0.06875
3 0.19609375 0.27265625 0.0578125 0.1015625
1 0.159375 0.28046875 0.04375 0.0796875
3 0.11328125 0.28203125 0.0609375 0.10625
2 0.14921875 0.384375 0.0140625 0.025
1 0.1671875 0.37421875 0.0375 0.0703125
3 0.5546875 0.75859375 0.03125 0.1125
2 0.55625 0.66015625 0.0125 0.0359375
2 0.5953125 0.37578125 0.00625 0.034375
2 0.66015625 0.41328125 0.0203125 0.0203125
2 0.64140625 0.38203125 0.01875 0.0234375
2 0.6921875 0.41953125 0.01875 0.028125
2 0.3140625 0.51796875 0.015625 0.0296875
2 0.34453125 0.540625 0.0171875 0.028125
2 0.1515625 0.50859375 0.009375 0.0390625
2 0.27421875 0.2875 0.0140625 0.028125
2 0.28359375 0.3328125 0.0140625 0.03125
2 0.26875 0.3453125 0.0125 0.028125
2 0.24921875 0.38515625 0.0140625 0.025
2 0.24140625 0.396875 0.0140625 0.021875
2 0.23359375 0.41015625 0.0109375 0.028125
2 0.22109375 0.4078125 0.009375 0.028125
2 0.2109375 0.40859375 0.009375 0.0296875
2 0.2109375 0.4390625 0.009375 0.021875
2 0.1984375 0.428125 0.009375 0.025
2 0.184375 0.43671875 0.0125 0.0125
2 0.20390625 0.4625 0.0140625 0.021875
2 0.18828125 0.46171875 0.0109375 0.01875
2 0.08984375 0.79921875 0.015625 0.028125
2 0.33828125 0.98828125 0.0203125 0.0171875
2 0.34921875 0.99765625 0.009375 0.003125
2 0.32578125 0.98828125 0.0140625 0.0171875
2 0.328125 0.96640625 0.015625 0.0234375
2 0.31875 0.9515625 0.015625 0.03125
2 0.309375 0.9265625 0.015625 0.028125
2 0.2953125 0.92109375 0.015625 0.0265625
2 0.29375 0.95 0.0125 0.021875
2 0.29296875 0.975 0.0125 0.021875
2 0.2796875 0.9484375 0.0125 0.028125
2 0.26015625 0.93515625 0.0171875 0.0296875
2 0.2875 0.9046875 0.015625 0.025
2 0.27421875 0.98828125 0.0125 0.0234375
2 0.65 0.91015625 0.015625 0.028125
2 0.63515625 0.8828125 0.0125 0.01875
2 0.646875 0.87421875 0.015625 0.0203125
2 0.646875 0.8546875 0.015625 0.021875
2 0.659375 0.8453125 0.015625 0.025
2 0.66953125 0.82734375 0.0125 0.0234375
2 0.6765625 0.809375 0.0125 0.01875
2 0.69921875 0.7578125 0.0125 0.021875
2 0.70546875 0.8140625 0.0125 0.028125
2 0.69453125 0.778125 0.0140625 0.01875
2 0.68359375 0.79296875 0.0125 0.01875