1 0.35859375 0.028125 0.0359375 0.05625
1 0.3578125 0.0921875 0.03984375 0.065625
1 0.27578125 0.0390625 0.04765625 0.0765625
1 0.3140625 0.165625 0.04609375 0.07265625
1 0.38828125 0.2 0.04765625 0.07734375
1 0.425 0.1640625 0.03671875 0.0671875
1 0.3859375 0.265625 0.0421875 0.06953125
1 0.465625 0.2671875 0.0484375 0.0796875
1 0.490625 0.21953125 0.04453125 0.075
1 0.5359375 0.309375 0.03984375 0.06796875
1 0.553125 0.39609375 0.04140625 0.071875
1 0.54296875 0.453125 0.04140625 0.071875
1 0.628125 0.46015625 0.04296875 0.075
1 0.628125 0.59921875 0.0375 0.06875
1 0.72734375 0.70703125 0.04296875 0.075
1 0.7234375 0.62734375 0.040625 0.075
1 0.7890625 0.734375 0.04296875 0.071875
1 0.784375 0.8640625 0.0484375 0.07890625
1 0.84296875 0.971875 0.04296875 0.05625
1 0.9296875 0.9625 0.04609375 0.07421875
1 0.93125 0.87890625 0.04453125 0.078125
1 0.89375 0.0109375 0.0296875 0.021875
1 0.865625 0.0640625 0.04140625 0.07421875
1 0.81875 0.14921875 0.040625 0.0734375
1 0.84375 0.17890625 0.04140625 0.07734375
1 0.88671875 0.17734375 0.04296875 0.07578125
1 0.7734375 0.2359375 0.0359375 0.06640625
3 0.803125 0.27109375 0.05859375 0.10234375
1 0.83984375 0.28125 0.0453125 0.08125
3 0.88671875 0.28203125 0.06171875 0.10703125
2 0.85078125 0.384375 0.01484375 0.0234375
1 0.83203125 0.37421875 0.0390625 0.0671875
1 0.459375 0.48671875 0.02890625 0.084375
1 0.48515625 0.71015625 0.025 0.0921875
1 0.303125 0.9453125 0.03984375 0.06796875
1 0.7515625 0.98359375 0.028125 0.0328125
3 0.44375 0.76875 0.03125 0.1109375
2 0.44296875 0.6703125 0.01015625 0.034375
2 0.6671875 0.55703125 0.0171875 0.028125
2 0.69609375 0.5359375 0.0171875 0.0265625
2 0.72578125 0.28671875 0.01328125 0.028125
2 0.715625 0.3296875 0.0140625 0.028125
2 0.7296875 0.3453125 0.015625 0.03125
2 0.76640625 0.41015625 0.01171875 0.02734375
2 0.759375 0.40078125 0.01328125 0.025
2 0.753125 0.38515625 0.015625 0.025
2 0.77890625 0.4078125 0.01171875 0.02890625
2 0.78828125 0.4109375 0.01328125 0.0296875
2 0.78984375 0.440625 0.009375 0.02421875
2 0.8015625 0.43046875 0.00859375 0.02890625
2 0.79921875 0.4609375 0.01171875 0.0203125
2 0.8125 0.44140625 0.0109375 0.01953125
2 0.81171875 0.4625 0.0109375 0.01796875
2 0.8453125 0.5296875 0.00859375 0.0328125
2 0.403125 0.3875 0.0109375 0.0359375
2 0.35234375 0.3765625 0.01875 0.025
2 0.3296875 0.40703125 0.02109375 0.01953125
2 0.296875 0.4078125 0.01875 0.021875
2 0.30078125 0.75859375 0.0125 0.02265625
2 0.3046875 0.7796875 0.01171875 0.0171875
2 0.2953125 0.809375 0.01640625 0.03359375
2 0.31484375 0.79453125 0.0125 0.0203125
2 0.32421875 0.81015625 0.0109375 0.0203125
2 0.33203125 0.82578125 0.01484375 0.02421875
2 0.3421875 0.84296875 0.01875 0.02734375
2 0.353125 0.8734375 0.01640625 0.01875
2 0.35234375 0.85546875 0.0171875 0.01875
2 0.36328125 0.88125 0.015625 0.0234375
2 0.35 0.90859375 0.01796875 0.02734375
2 0.7375 0.93125 0.015625 0.02578125
2 0.7046875 0.92265625 0.0171875 0.0265625
2 0.7078125 0.95625 0.0140625 0.03046875
2 0.7078125 0.975 0.01640625 0.025
2 0.725 0.98828125 0.01328125 0.02265625
2 0.71953125 0.9515625 0.01171875 0.03203125
2 0.690625 0.92890625 0.01484375 0.02734375
2 0.6734375 0.9875 0.015625 0.0171875
2 0.6609375 0.98984375 0.01875 0.0203125
2 0.6515625 0.99765625 0.01015625 0.00390625
2 0.671875 0.9671875 0.01640625 0.025
2 0.68046875 0.9515625 0.0171875 0.0265625
2 0.7125 0.90703125 0.01484375 0.02265625
2 0.9171875 0.81328125 0.0171875 0.02890625