1 0.63125 0.75546875 0.084375 0.021875
1 0.9453125 0.69921875 0.0671875 0.040625
1 0.76171875 0.54296875 0.084375 0.0265625
1 0.0140625 0.70859375 0.028125 0.0296875
1 0.00703125 0.6578125 0.0140625 0.021875
1 0.14296875 0.6609375 0.059375 0.0375
1 0.1171875 0.6296875 0.065625 0.040625
1 0.11484375 0.584375 0.06875 0.040625
1 0.215625 0.56328125 0.059375 0.0359375
1 0.29609375 0.55390625 0.075 0.046875
1 0.378125 0.54921875 0.0671875 0.040625
1 0.32265625 0.4953125 0.0671875 0.040625
1 0.26953125 0.484375 0.0625 0.0375
1 0.4921875 0.475 0.071875 0.04375
1 0.440625 0.4203125 0.065625 0.0375
1 0.4640625 0.3625 0.071875 0.04375
1 0.553125 0.4078125 0.0828125 0.046875
3 0.559375 0.3578125 0.08125 0.046875
1 0.571875 0.30859375 0.0671875 0.040625
1 0.6953125 0.27421875 0.075 0.0421875
1 0.7203125 0.2171875 0.075 0.04375
1 0.8140625 0.2453125 0.075 0.04375
1 0.984375 0.2484375 0.03125 0.028125
1 0.96796875 0.1515625 0.0640625 0.040625
1 0.946875 0.0859375 0.071875 0.04375
1 0.9921875 0.0890625 0.015625 0.021875
3 0.91015625 0.6015625 0.10625 0.046875
3 0.27265625 0.1984375 0.1015625 0.059375
3 0.28203125 0.115625 0.1046875 0.0625
1 0.28125 0.16171875 0.08125 0.0453125
1 0.2359375 0.228125 0.0625 0.034375
1 0.14921875 0.1828125 0.071875 0.040625
1 0.0640625 0.13671875 0.071875 0.040625
1 0.01015625 0.10859375 0.0203125 0.025
1 0.17890625 0.15859375 0.075 0.0421875
3 0.178125 0.11484375 0.075 0.0421875
1 0.37421875 0.16875 0.06875 0.0375
2 0.290625 0.27734375 0.025 0.0109375
2 0.33046875 0.2859375 0.0265625 0.0125
2 0.34453125 0.27109375 0.028125 0.0140625
2 0.384375 0.24921875 0.025 0.015625
2 0.40078125 0.2421875 0.0265625 0.015625
2 0.409375 0.23515625 0.025 0.0140625
2 0.4078125 0.22265625 0.028125 0.0125
2 0.41015625 0.21328125 0.028125 0.0109375
2 0.44140625 0.21171875 0.0265625 0.0140625
2 0.43046875 0.2 0.0265625 0.009375
2 0.4625 0.20234375 0.021875 0.0109375
2 0.44140625 0.18828125 0.0234375 0.0140625
2 0.43984375 0.17578125 0.0171875 0.0140625
2 0.46328125 0.190625 0.0203125 0.0125
2 0.84453125 0.1265625 0.0265625 0.015625
2 0.85 0.1046875 0.025 0.01875
2 0.909375 0.04296875 0.028125 0.015625
2 0.91171875 0.2765625 0.0234375 0.0125
2 0.90625 0.290625 0.021875 0.0125
2 0.9234375 0.29765625 0.028125 0.0171875
2 0.95078125 0.28203125 0.03125 0.0109375
2 0.92890625 0.3109375 0.0265625 0.015625
2 0.95625 0.29375 0.03125 0.0125
2 0.97421875 0.29375 0.0265625 0.015625
2 0.98828125 0.2765625 0.0234375 0.0125
2 0.953125 0.3203125 0.025 0.015625
2 0.97109375 0.3296875 0.0265625 0.015625
2 0.9890625 0.3421875 0.021875 0.021875
2 0.98828125 0.3265625 0.015625 0.0125