1 0.75546875 0.63125 0.021875 0.084375
1 0.69921875 0.9453125 0.0390625 0.065625
1 0.54296875 0.76171875 0.0265625 0.0828125
1 0.70859375 0.0140625 0.0296875 0.028125
1 0.6578125 0.00703125 0.021875 0.0140625
1 0.6609375 0.14296875 0.0375 0.059375
1 0.6296875 0.1171875 0.0390625 0.0671875
1 0.584375 0.11484375 0.040625 0.0671875
1 0.56328125 0.215625 0.0359375 0.059375
1 0.55390625 0.29609375 0.046875 0.075
1 0.54921875 0.378125 0.040625 0.06875
1 0.4953125 0.32265625 0.040625 0.06875
1 0.484375 0.26953125 0.0375 0.0625
1 0.475 0.4921875 0.04375 0.071875
1 0.4203125 0.440625 0.0375 0.065625
1 0.3625 0.4640625 0.04375 0.071875
1 0.4078125 0.553125 0.046875 0.08125
3 0.3578125 0.559375 0.046875 0.0828125
1 0.30859375 0.571875 0.040625 0.0671875
1 0.27421875 0.6953125 0.0421875 0.075
1 0.2171875 0.7203125 0.04375 0.075
1 0.2453125 0.8140625 0.04375 0.075
1 0.2484375 0.984375 0.028125 0.03125
1 0.1515625 0.96796875 0.040625 0.0640625
1 0.0859375 0.946875 0.04375 0.071875
1 0.0890625 0.9921875 0.021875 0.015625
3 0.6015625 0.91015625 0.046875 0.10625
3 0.1984375 0.27265625 0.059375 0.1015625
3 0.115625 0.28203125 0.0609375 0.10625
1 0.16171875 0.28125 0.0453125 0.08125
1 0.228125 0.2359375 0.034375 0.0625
1 0.1828125 0.14921875 0.040625 0.071875
1 0.13671875 0.0640625 0.040625 0.071875
1 0.10859375 0.01015625 0.025 0.0203125
1 0.15859375 0.17890625 0.0421875 0.075
3 0.11484375 0.178125 0.0421875 0.075
1 0.16875 0.37421875 0.0375 0.06875
2 0.27734375 0.290625 0.0109375 0.025
2 0.2859375 0.33046875 0.0125 0.0265625
2 0.27109375 0.34453125 0.0140625 0.0296875
2 0.24921875 0.384375 0.015625 0.025
2 0.2421875 0.40078125 0.015625 0.025
2 0.23515625 0.409375 0.0140625 0.025
2 0.22265625 0.4078125 0.0125 0.028125
2 0.21328125 0.41015625 0.0125 0.028125
2 0.21171875 0.44140625 0.0140625 0.0265625
2 0.2 0.43046875 0.009375 0.0265625
2 0.20234375 0.4625 0.0125 0.021875
2 0.18828125 0.44140625 0.0140625 0.0234375
2 0.17578125 0.43984375 0.0140625 0.01875
2 0.190625 0.46328125 0.0125 0.0203125
2 0.1265625 0.84453125 0.015625 0.0265625
2 0.1046875 0.85 0.01875 0.025
2 0.04296875 0.909375 0.015625 0.028125
2 0.2765625 0.91171875 0.0125 0.0234375
2 0.290625 0.90625 0.0125 0.021875
2 0.29765625 0.9234375 0.0171875 0.028125
2 0.28203125 0.95078125 0.0109375 0.03125
2 0.3109375 0.92890625 0.015625 0.0265625
2 0.29375 0.95625 0.0125 0.03125
2 0.29375 0.97421875 0.015625 0.0265625
2 0.2765625 0.98828125 0.0125 0.0234375
2 0.3203125 0.953125 0.015625 0.025
2 0.3296875 0.97109375 0.015625 0.0265625
2 0.3421875 0.9890625 0.021875 0.021875
2 0.3265625 0.98828125 0.0125 0.015625