1 0.64375 0.025 0.0375 0.05
1 0.64609375 0.0890625 0.0390625 0.065625
1 0.578125 0.15703125 0.0375 0.0671875
1 0.7296875 0.034375 0.05 0.06875
1 0.6890625 0.1625 0.04375 0.075
1 0.6171875 0.19140625 0.046875 0.0734375
1 0.61796875 0.2625 0.0453125 0.06875
1 0.53984375 0.2609375 0.05 0.0796875
1 0.5140625 0.21328125 0.046875 0.0765625
1 0.46796875 0.30234375 0.0375 0.0671875
1 0.44921875 0.38984375 0.0421875 0.06875
1 0.4625 0.44375 0.04375 0.06875
1 0.375 0.4546875 0.04375 0.075
1 0.37734375 0.59140625 0.0375 0.0703125
1 0.28125 0.61953125 0.040625 0.0734375
1 0.278125 0.6984375 0.04375 0.075
1 0.21640625 0.7265625 0.0390625 0.071875
1 0.2234375 0.85390625 0.046875 0.0796875
1 0.16171875 0.96640625 0.046875 0.0671875
1 0.078125 0.953125 0.0453125 0.078125
1 0.07265625 0.87265625 0.0421875 0.0765625
1 0.22734375 0.234375 0.0359375 0.0625
1 0.10625 0.01171875 0.03125 0.0234375
1 0.1328125 0.06328125 0.0375 0.0703125
1 0.18125 0.1484375 0.040625 0.071875
1 0.15625 0.1796875 0.04375 0.078125
1 0.1125 0.178125 0.04375 0.075
3 0.196875 0.2734375 0.059375 0.10625
1 0.16015625 0.27890625 0.0453125 0.0828125
2 0.14921875 0.3859375 0.0140625 0.028125
3 0.11328125 0.2828125 0.0609375 0.10625
1 0.1671875 0.37421875 0.0375 0.0703125
1 0.54140625 0.47734375 0.0296875 0.084375
1 0.51328125 0.7 0.0234375 0.09375
1 0.696875 0.94609375 0.0375 0.0671875
1 0.246875 0.98359375 0.03125 0.0328125
3 0.55625 0.76484375 0.03125 0.1109375
2 0.30859375 0.5265625 0.015625 0.028125
2 0.33828125 0.54921875 0.0171875 0.0265625
2 0.55703125 0.6640625 0.0078125 0.034375
2 0.275 0.9875 0.015625 0.025
2 0.29140625 0.95546875 0.0140625 0.0296875
2 0.2921875 0.978125 0.015625 0.025
2 0.2796875 0.95 0.0125 0.03125
2 0.26171875 0.93359375 0.0171875 0.025
2 0.2875 0.9046875 0.015625 0.025
2 0.29609375 0.92265625 0.0171875 0.0265625
2 0.31015625 0.928125 0.0140625 0.028125
2 0.31875 0.95234375 0.015625 0.0265625
2 0.32578125 0.9875 0.0171875 0.015625
2 0.3375 0.99140625 0.0125 0.0171875
2 0.35 0.99609375 0.009375 0.0078125
2 0.32890625 0.96640625 0.0140625 0.025
2 0.64609375 0.87265625 0.0171875 0.0203125
2 0.64609375 0.85390625 0.0171875 0.0234375
2 0.65859375 0.8453125 0.0171875 0.021875
2 0.63671875 0.88203125 0.015625 0.0234375
2 0.65078125 0.909375 0.0171875 0.025
2 0.69609375 0.7796875 0.0109375 0.021875
2 0.70546875 0.81015625 0.0125 0.028125
2 0.6984375 0.75546875 0.015625 0.0296875
2 0.68515625 0.79453125 0.0140625 0.0234375
2 0.67578125 0.8109375 0.015625 0.025
2 0.66640625 0.82265625 0.01875 0.0296875
2 0.59609375 0.38359375 0.0109375 0.0359375
2 0.64453125 0.37890625 0.01875 0.021875
2 0.66484375 0.4109375 0.0203125 0.01875
2 0.6984375 0.4140625 0.015625 0.021875
2 0.153125 0.52265625 0.00625 0.0375
2 0.08671875 0.80703125 0.0171875 0.0296875
2 0.27421875 0.2875 0.0125 0.028125
2 0.28359375 0.33046875 0.0140625 0.0265625
2 0.26953125 0.3453125 0.0140625 0.03125
2 0.240625 0.39921875 0.0125 0.028125
2 0.23359375 0.409375 0.0125 0.028125
2 0.22109375 0.40625 0.0109375 0.03125
2 0.2109375 0.41015625 0.0125 0.028125
2 0.21015625 0.4390625 0.0078125 0.025
2 0.19765625 0.42890625 0.0109375 0.0265625
2 0.20234375 0.46328125 0.0140625 0.0265625
2 0.1875 0.4625 0.0125 0.01875
2 0.1828125 0.4359375 0.015625 0.009375
2 0.24765625 0.384375 0.0171875 0.025