1 0.03046875 0.3609375 0.0609375 0.0375
1 0.03828125 0.27734375 0.0765625 0.046875
1 0.09765625 0.359375 0.0640625 0.0375
1 0.16953125 0.31484375 0.0703125 0.0421875
1 0.2015625 0.38984375 0.075 0.0453125
1 0.2671875 0.3875 0.071875 0.040625
1 0.165625 0.42578125 0.06875 0.0359375
1 0.26875 0.4671875 0.08125 0.046875
1 0.221875 0.490625 0.078125 0.04375
1 0.3125 0.5375 0.06875 0.0375
1 0.3984375 0.5546875 0.071875 0.040625
1 0.45703125 0.5453125 0.075 0.040625
1 0.46328125 0.63046875 0.0765625 0.0421875
1 0.60234375 0.6296875 0.0671875 0.0375
1 0.628125 0.7234375 0.075 0.040625
1 0.71015625 0.72890625 0.075 0.0421875
1 0.7359375 0.7890625 0.071875 0.040625
1 0.86640625 0.78671875 0.0796875 0.0484375
1 0.8796875 0.93203125 0.078125 0.04375
1 0.9640625 0.93125 0.071875 0.046875
1 0.9734375 0.84375 0.053125 0.0375
1 0.98359375 0.75234375 0.0328125 0.0296875
1 0.7140625 0.484375 0.0921875 0.021875
3 0.7703125 0.44296875 0.1125 0.0328125
1 0.9453125 0.30234375 0.06875 0.0390625
1 0.4890625 0.46015625 0.084375 0.0296875
1 0.01015625 0.8921875 0.0203125 0.028125
1 0.06328125 0.865625 0.0734375 0.040625
1 0.14765625 0.81953125 0.071875 0.0390625
1 0.178125 0.84375 0.075 0.04375
1 0.17734375 0.8875 0.075 0.04375
1 0.234375 0.77421875 0.065625 0.034375
3 0.271875 0.80390625 0.103125 0.0578125
1 0.27890625 0.83984375 0.0796875 0.0453125
3 0.28125 0.8859375 0.10625 0.0609375
2 0.3828125 0.85 0.021875 0.015625
1 0.37421875 0.83359375 0.0671875 0.0390625
2 0.28828125 0.72578125 0.0296875 0.0140625
2 0.3296875 0.715625 0.028125 0.015625
2 0.34453125 0.73046875 0.0296875 0.015625
2 0.384375 0.75234375 0.028125 0.0171875
2 0.4015625 0.75859375 0.028125 0.0140625
2 0.409375 0.76640625 0.028125 0.0125
2 0.40625 0.778125 0.03125 0.0125
2 0.41015625 0.7890625 0.0265625 0.0125
2 0.440625 0.78984375 0.025 0.0109375
2 0.43046875 0.8015625 0.0296875 0.009375
2 0.46328125 0.796875 0.021875 0.0125
2 0.44140625 0.81171875 0.0203125 0.0109375
2 0.4625 0.8109375 0.0203125 0.0125
2 0.5390625 0.6984375 0.028125 0.0171875
2 0.56015625 0.66875 0.0265625 0.01875
2 0.8171875 0.91875 0.03125 0.01875
2 0.5328125 0.8453125 0.034375 0.009375
2 0.93125 0.7375 0.025 0.015625
2 0.90703125 0.7125 0.021875 0.0125
2 0.921875 0.70390625 0.025 0.0171875
2 0.928125 0.690625 0.025 0.015625
2 0.95546875 0.7078125 0.0328125 0.015625
2 0.95078125 0.7203125 0.0328125 0.0125
2 0.975 0.7078125 0.025 0.015625
2 0.9890625 0.725 0.021875 0.0125
2 0.95390625 0.68203125 0.0234375 0.015625
2 0.96796875 0.671875 0.0265625 0.015625
2 0.98671875 0.6734375 0.01875 0.015625
2 0.98984375 0.66328125 0.0203125 0.021875
2 0.99609375 0.64921875 0.0078125 0.0078125
2 0.75625 0.30234375 0.028125 0.015625
2 0.78046875 0.30546875 0.0203125 0.0125
2 0.809375 0.29609375 0.028125 0.0125
2 0.7953125 0.31484375 0.021875 0.0125
2 0.809375 0.32421875 0.01875 0.0125
2 0.825 0.3328125 0.021875 0.015625
2 0.84375 0.3421875 0.025 0.01875
2 0.85546875 0.353125 0.0203125 0.015625
2 0.8734375 0.353125 0.01875 0.01875
2 0.88046875 0.3640625 0.0203125 0.015625
2 0.90859375 0.34921875 0.025 0.015625
2 0.671875 0.44296875 0.03125 0.0078125
2 0.3875 0.40234375 0.0375 0.0109375
2 0.37421875 0.35078125 0.0234375 0.0171875
2 0.40546875 0.32890625 0.0171875 0.0171875
2 0.4078125 0.29453125 0.025 0.0171875