1 0.64140625 0.971875 0.0359375 0.05625
1 0.6421875 0.9078125 0.040625 0.065625
1 0.72421875 0.9609375 0.0484375 0.078125
1 0.6859375 0.834375 0.046875 0.071875
1 0.61171875 0.8 0.0484375 0.078125
1 0.575 0.8359375 0.0375 0.065625
1 0.6140625 0.734375 0.040625 0.06875
1 0.534375 0.7328125 0.0484375 0.0796875
1 0.509375 0.78046875 0.04375 0.075
1 0.4640625 0.690625 0.040625 0.06875
1 0.446875 0.60390625 0.040625 0.071875
1 0.45703125 0.546875 0.0421875 0.071875
1 0.371875 0.53984375 0.04375 0.075
1 0.371875 0.40078125 0.0375 0.06875
1 0.27265625 0.29296875 0.04375 0.075
1 0.2765625 0.37265625 0.040625 0.075
1 0.2109375 0.265625 0.04375 0.071875
1 0.215625 0.1359375 0.0484375 0.078125
1 0.15703125 0.028125 0.0421875 0.05625
1 0.0703125 0.0375 0.046875 0.075
1 0.06875 0.12109375 0.04375 0.078125
1 0.10625 0.9890625 0.03125 0.021875
1 0.134375 0.9359375 0.0421875 0.075
1 0.18125 0.85078125 0.040625 0.0734375
1 0.15625 0.82109375 0.040625 0.0765625
1 0.11328125 0.82265625 0.04375 0.075
1 0.2265625 0.7640625 0.034375 0.065625
3 0.196875 0.72890625 0.059375 0.1015625
1 0.16015625 0.71875 0.0453125 0.08125
3 0.11328125 0.71796875 0.0609375 0.1078125
2 0.14921875 0.615625 0.015625 0.0234375
1 0.16796875 0.62578125 0.0390625 0.0671875
1 0.540625 0.51328125 0.028125 0.084375
1 0.51484375 0.28984375 0.025 0.0921875
1 0.696875 0.0546875 0.040625 0.06875
1 0.2484375 0.01640625 0.028125 0.0328125
3 0.55625 0.23125 0.03125 0.1109375
2 0.55703125 0.3296875 0.0109375 0.034375
2 0.3328125 0.44296875 0.0171875 0.028125
2 0.30390625 0.4640625 0.0171875 0.028125
2 0.27421875 0.71328125 0.0140625 0.028125
2 0.284375 0.6703125 0.0140625 0.028125
2 0.2703125 0.6546875 0.015625 0.03125
2 0.23359375 0.58984375 0.0109375 0.0265625
2 0.240625 0.59921875 0.0125 0.025
2 0.246875 0.61484375 0.015625 0.025
2 0.22109375 0.5921875 0.0109375 0.028125
2 0.21171875 0.5890625 0.0140625 0.028125
2 0.21015625 0.559375 0.009375 0.025
2 0.1984375 0.56953125 0.009375 0.028125
2 0.20078125 0.5390625 0.0109375 0.021875
2 0.1875 0.55859375 0.0125 0.0203125
2 0.18828125 0.5375 0.0109375 0.01875
2 0.1546875 0.4703125 0.009375 0.034375
2 0.596875 0.6125 0.0109375 0.0359375
2 0.64765625 0.6234375 0.01875 0.025
2 0.6703125 0.59296875 0.021875 0.01875
2 0.703125 0.5921875 0.01875 0.021875
2 0.69921875 0.24140625 0.0125 0.0234375
2 0.6953125 0.2203125 0.0125 0.0171875
2 0.7046875 0.190625 0.015625 0.034375
2 0.68515625 0.20546875 0.0125 0.0203125
2 0.67578125 0.18984375 0.0109375 0.0203125
2 0.66796875 0.17421875 0.015625 0.025
2 0.6578125 0.15703125 0.01875 0.028125
2 0.646875 0.1265625 0.015625 0.01875
2 0.64765625 0.14453125 0.0171875 0.01875
2 0.63671875 0.11875 0.015625 0.025
2 0.65 0.09140625 0.01875 0.028125
2 0.2625 0.06875 0.015625 0.025
2 0.2953125 0.07734375 0.015625 0.0265625
2 0.2921875 0.04375 0.015625 0.03125
2 0.2921875 0.025 0.015625 0.025
2 0.275 0.01171875 0.0125 0.0234375
2 0.28046875 0.0484375 0.0109375 0.03125
2 0.309375 0.07109375 0.015625 0.0265625
2 0.3265625 0.0125 0.015625 0.01875
2 0.3390625 0.01015625 0.01875 0.0203125
2 0.3484375 0.00234375 0.009375 0.003125
2 0.328125 0.0328125 0.015625 0.025
2 0.31953125 0.0484375 0.0171875 0.0265625
2 0.2875 0.09296875 0.015625 0.0234375
2 0.0828125 0.18671875 0.0171875 0.0296875