1 0.89296875 0.9890625 0.025 0.021875
1 0.865625 0.9359375 0.040625 0.075
3 0.8875 0.82265625 0.04375 0.0734375
1 0.84296875 0.82109375 0.04375 0.0765625
1 0.81953125 0.8515625 0.0375 0.071875
1 0.77421875 0.7640625 0.0359375 0.065625
1 0.840625 0.7203125 0.04375 0.08125
3 0.80390625 0.72734375 0.0578125 0.103125
3 0.88671875 0.71875 0.0609375 0.103125
2 0.85078125 0.61640625 0.0140625 0.025
1 0.83203125 0.62578125 0.0390625 0.06875
2 0.725 0.709375 0.0125 0.025
2 0.715625 0.66953125 0.0125 0.0234375
2 0.7296875 0.6546875 0.015625 0.028125
2 0.75078125 0.61484375 0.015625 0.0265625
2 0.7578125 0.6015625 0.015625 0.021875
2 0.765625 0.5921875 0.0125 0.021875
2 0.778125 0.5921875 0.0125 0.028125
2 0.7890625 0.59140625 0.009375 0.028125
2 0.79453125 0.53515625 0.0171875 0.0203125
2 0.78828125 0.559375 0.0171875 0.021875
2 0.81015625 0.55859375 0.015625 0.015625
2 0.803125 0.571875 0.009375 0.021875
1 0.90625 0.20546875 0.015625 0.03125
1 0.9234375 0.13828125 0.04375 0.075
1 0.91171875 0.06484375 0.0453125 0.0734375
1 0.82734375 0.046875 0.04375 0.078125
1 0.7640625 0.16640625 0.046875 0.0796875
1 0.77578125 0.2875 0.0390625 0.06875
1 0.71328125 0.3171875 0.04375 0.075
1 0.7546875 0.015625 0.034375 0.03125
2 0.74140625 0.0625 0.0140625 0.025
2 0.7203125 0.046875 0.0125 0.028125
2 0.7125 0.0953125 0.015625 0.025
2 0.70234375 0.08203125 0.0140625 0.0203125
2 0.690625 0.071875 0.015625 0.0296875
2 0.68203125 0.04921875 0.015625 0.0265625
2 0.67265625 0.03125 0.0140625 0.028125
2 0.67265625 0.01484375 0.0171875 0.0203125
2 0.659375 0.01171875 0.015625 0.0203125
2 0.7078125 0.04609375 0.015625 0.0265625
2 0.7078125 0.0265625 0.01875 0.028125
2 0.30703125 0.22421875 0.0109375 0.021875
2 0.30234375 0.24609375 0.015625 0.03125
2 0.29453125 0.18984375 0.0140625 0.0265625
2 0.3140625 0.2046875 0.015625 0.021875
2 0.32265625 0.19140625 0.0140625 0.01875
2 0.33203125 0.17734375 0.01875 0.0203125
2 0.34140625 0.15390625 0.0171875 0.021875
2 0.35234375 0.14375 0.0171875 0.021875
2 0.353125 0.1265625 0.015625 0.021875
2 0.3625 0.11796875 0.015625 0.0234375
2 0.35 0.09296875 0.015625 0.015625
1 0.303125 0.05390625 0.0375 0.0671875
2 0.31015625 0.58125 0.015625 0.021875
2 0.34296875 0.5859375 0.01875 0.021875
2 0.3625 0.61484375 0.01875 0.0234375
2 0.40390625 0.62578125 0.0078125 0.0328125
2 0.44375 0.34375 0.009375 0.034375
2 0.68203125 0.48828125 0.015625 0.0296875
2 0.6515625 0.465625 0.01875 0.028125
1 0.26328125 0.97109375 0.046875 0.05625
1 0.35078125 0.9796875 0.0359375 0.040625
1 0.34765625 0.92265625 0.0390625 0.0640625
1 0.30546875 0.84375 0.0453125 0.06875
1 0.37421875 0.82109375 0.0484375 0.0765625
1 0.37734375 0.75 0.0421875 0.0703125
1 0.41640625 0.85390625 0.0359375 0.0671875
1 0.45234375 0.753125 0.0484375 0.075
1 0.52421875 0.709375 0.0390625 0.065625
1 0.54140625 0.62265625 0.040625 0.0734375
1 0.52890625 0.571875 0.0421875 0.071875
1 0.61875 0.55703125 0.04375 0.0765625
1 0.71171875 0.39609375 0.040625 0.0734375
1 0.61484375 0.425 0.0359375 0.06875
1 0.48671875 0.315625 0.0171875 0.090625
1 0.45546875 0.53828125 0.0296875 0.0828125
3 0.446875 0.24296875 0.028125 0.115625
2 0.84921875 0.49453125 0.0046875 0.040625