2 0.5046875 0.0578125 0.19375 0.115625
2 0.234375 0.5078125 0.328125 0.2625
2 0.46640625 0.434375 0.1296875 0.05625
2 0.5609375 0.6625 0.0625 0.04375
2 0.54375 0.56328125 0.10625 0.0453125
2 0.49609375 0.74765625 0.115625 0.0703125
2 0.52890625 0.815625 0.0890625 0.06875
2 0.51171875 0.89453125 0.0890625 0.0453125
2 0.5375 0.93203125 0.1 0.04375
2 0.55546875 0.96953125 0.0546875 0.028125
2 0.53203125 0.9890625 0.0828125 0.021875
2 0.6046875 0.58828125 0.025 0.021875
0 0.71875 0.06796875 0.415625 0.1359375
3 0.65 0.8375 0.05 0.11875
3 0.65703125 0.96484375 0.0421875 0.0703125
3 0.63125 0.4421875 0.059375 0.034375