2 0.56796875 0.06015625 0.1921875 0.0671875
2 0.5703125 0.19609375 0.2390625 0.1875
2 0.496875 0.378125 0.15625 0.115625
2 0.5171875 0.57734375 0.165625 0.1078125
2 0.5109375 0.7171875 0.1625 0.06875
2 0.4921875 0.63828125 0.1265625 0.028125
2 0.47265625 0.66796875 0.1 0.0265625
2 0.48359375 0.78984375 0.11875 0.0421875
2 0.46015625 0.82734375 0.1265625 0.0296875
2 0.49296875 0.8734375 0.109375 0.046875
2 0.46875 0.9484375 0.10625 0.059375
2 0.50859375 0.034375 0.1578125 0.0625
3 0.3484375 0.909375 0.06875 0.0890625
3 0.34375 0.8078125 0.065625 0.103125