2 0.46796875 0.57421875 0.11875 0.1828125
2 0.5546875 0.51015625 0.078125 0.121875
2 0.64609375 0.54375 0.1078125 0.165625
2 0.78359375 0.665625 0.1890625 0.28125
2 0.92890625 0.5015625 0.06875 0.096875
2 0.83984375 0.50078125 0.0640625 0.0859375
2 0.01875 0.7265625 0.0375 0.171875
2 0.0359375 0.61015625 0.071875 0.1984375
2 0.19921875 0.434375 0.03125 0.0296875
3 0.4 0.44765625 0.23125 0.25
3 0.71796875 0.3484375 0.2125 0.1515625
3 0.88203125 0.37734375 0.165625 0.11875
0 0.9140625 0.32109375 0.171875 0.0734375