2 0.56171875 0.39765625 0.21875 0.1546875
2 0.7140625 0.67421875 0.30625 0.1765625
2 0.5328125 0.75546875 0.125 0.05625
2 0.515625 0.82421875 0.1140625 0.046875
2 0.51171875 0.9265625 0.1 0.0625
2 0.553125 0.53984375 0.13125 0.0609375
2 0.58359375 0.59296875 0.1734375 0.0671875
2 0.54296875 0.32578125 0.1234375 0.0453125
2 0.61484375 0.0375 0.1765625 0.075
3 0.34375 0.19453125 0.34375 0.3890625
3 0.36484375 0.4421875 0.1765625 0.178125
3 0.3546875 0.6921875 0.146875 0.09375
3 0.36328125 0.60859375 0.1 0.171875