2 0.5828125 0.9171875 0.228125 0.165625
2 0.58515625 0.625 0.1640625 0.14375
2 0.52734375 0.54140625 0.15 0.0875
2 0.5109375 0.49140625 0.1046875 0.0578125
2 0.5921875 0.42890625 0.228125 0.11875
2 0.534375 0.31953125 0.125 0.08125
2 0.5484375 0.2328125 0.1375 0.06875
2 0.521875 0.15546875 0.1125 0.0625
2 0.503125 0.07109375 0.09375 0.046875
2 0.51171875 0.01171875 0.0640625 0.0234375
3 0.365625 0.621875 0.203125 0.271875
3 0.3796875 0.4609375 0.1296875 0.115625
3 0.38359375 0.2859375 0.1953125 0.221875
3 0.3734375 0.16484375 0.15625 0.1109375
3 0.428125 0.05078125 0.115625 0.1015625