2 0.6859375 0.4390625 0.165625 0.228125
2 0.79921875 0.4609375 0.0609375 0.15625
2 0.484375 0.49140625 0.10625 0.1828125
2 0.35859375 0.49453125 0.0640625 0.13125
2 0.284375 0.47265625 0.071875 0.1921875
2 0.21640625 0.51328125 0.05625 0.125
2 0.15078125 0.47890625 0.05625 0.153125
2 0.175 0.5359375 0.0265625 0.115625
2 0.0984375 0.53203125 0.040625 0.1171875
2 0.025 0.53125 0.05 0.09375
2 0.38125 0.565625 0.0375 0.065625
0 0.971875 0.646875 0.05625 0.225
3 0.17890625 0.665625 0.1078125 0.0484375
3 0.0390625 0.65859375 0.078125 0.0390625