2 0.74140625 0.48046875 0.178125 0.19375
2 0.5515625 0.48359375 0.10625 0.1796875
2 0.43046875 0.42890625 0.10625 0.1859375
2 0.32109375 0.33828125 0.1796875 0.3265625
2 0.35625 0.5046875 0.0375 0.1296875
2 0.2078125 0.48515625 0.0546875 0.109375
2 0.26015625 0.5421875 0.03125 0.046875
2 0.11171875 0.51640625 0.0453125 0.0921875
2 0.15546875 0.52265625 0.0328125 0.0921875
2 0.04453125 0.49140625 0.0859375 0.0890625
3 0.178125 0.6625 0.096875 0.034375
3 0.04609375 0.6484375 0.078125 0.05
0 0.88828125 0.64296875 0.2234375 0.1890625
3 0.45625 0.63203125 0.04375 0.0546875