2 0.13515625 0.49375 0.13828125 0.1078125
2 0.0484375 0.42734375 0.040625 0.03984375
2 0.209375 0.421875 0.028125 0.0296875
2 0.09296875 0.4234375 0.0234375 0.0296875
2 0.05234375 0.834375 0.1046875 0.33125
2 0.47578125 0.59609375 0.14140625 0.2484375
2 0.71953125 0.540625 0.0734375 0.17109375
2 0.78359375 0.484375 0.0390625 0.1078125
2 0.82890625 0.5234375 0.06171875 0.15703125
2 0.97265625 0.48203125 0.0546875 0.0953125
2 0.934375 0.46640625 0.0296875 0.08671875
2 0.8703125 0.4828125 0.06171875 0.08984375
3 0.80546875 0.3640625 0.13046875 0.08984375
3 0.90703125 0.375 0.0578125 0.1046875