2 0.2375 0.578125 0.190625 0.2375
2 0.46015625 0.61640625 0.140625 0.2609375
2 0.59921875 0.54921875 0.1015625 0.1890625
2 0.68203125 0.51875 0.0265625 0.09375
2 0.73125 0.54453125 0.08125 0.1703125
2 0.79140625 0.50078125 0.0328125 0.103125
2 0.8671875 0.52578125 0.059375 0.14375
2 0.9515625 0.50859375 0.04375 0.096875
2 0.98828125 0.5015625 0.0234375 0.071875
2 0.83046875 0.4796875 0.0140625 0.053125
2 0.10234375 0.440625 0.021875 0.0375
2 0.14296875 0.440625 0.03125 0.034375
2 0.178125 0.4375 0.040625 0.059375
2 0.0578125 0.43203125 0.03125 0.0421875
3 0.65703125 0.36171875 0.1390625 0.153125
3 0.76953125 0.38671875 0.078125 0.09375
3 0.8390625 0.35234375 0.053125 0.0734375
3 0.9421875 0.3890625 0.115625 0.165625