2 0.07109375 0.55 0.1421875 0.21171875
2 0.2390625 0.60703125 0.221875 0.2453125
2 0.16640625 0.44375 0.04609375 0.05703125
2 0.07734375 0.78515625 0.1546875 0.4265625
2 0.32109375 0.4484375 0.0421875 0.04140625
2 0.3765625 0.503125 0.11953125 0.1453125
2 0.44375 0.553125 0.0296875 0.15625
2 0.525 0.57734375 0.11875 0.246875
2 0.746875 0.65859375 0.175 0.240625
2 0.9390625 0.48359375 0.0515625 0.1125
2 0.28984375 0.40546875 0.0234375 0.03828125
3 0.1 0.36484375 0.025 0.04453125
3 0.6171875 0.365625 0.1265625 0.17890625
3 0.79140625 0.35859375 0.0765625 0.06953125
3 0.89609375 0.3375 0.10703125 0.04453125