2 0.18203125 0.50703125 0.146875 0.17734375
2 0.58828125 0.5265625 0.10078125 0.16953125
2 0.23046875 0.4109375 0.021875 0.04453125
2 0.2578125 0.41328125 0.015625 0.04609375
2 0.40390625 0.40625 0.03046875 0.03671875
2 0.64609375 0.43671875 0.0359375 0.04921875
2 0.684375 0.4734375 0.0609375 0.1421875
2 0.80390625 0.49140625 0.0609375 0.1375
2 0.86484375 0.45546875 0.01796875 0.06484375
2 0.8859375 0.4828125 0.02578125 0.08359375
2 0.928125 0.484375 0.04609375 0.07734375
2 0.984375 0.4703125 0.03125 0.07109375
3 0.83203125 0.33671875 0.115625 0.05859375
3 0.9578125 0.340625 0.0625 0.0234375
3 0.48671875 0.37109375 0.04375 0.06328125