2 0.31640625 0.50078125 0.10859375 0.140625
2 0.05625 0.5328125 0.1125 0.18671875
2 0.17109375 0.59375 0.2625 0.28359375
2 0.1140625 0.4734375 0.0625 0.1265625
2 0.075 0.82890625 0.14375 0.3421875
2 0.63828125 0.53046875 0.096875 0.18671875
2 0.23515625 0.41328125 0.0265625 0.04296875
2 0.35625 0.40703125 0.025 0.03671875
2 0.8015625 0.64296875 0.16875 0.2734375
2 0.8640625 0.47890625 0.065625 0.109375
2 0.9796875 0.4546875 0.040625 0.07578125
3 0.47734375 0.36328125 0.1953125 0.18359375
3 0.8890625 0.3390625 0.13203125 0.05703125
3 0.984375 0.3578125 0.03125 0.06875
3 0.1109375 0.37265625 0.0375 0.06328125