2 0.57421875 0.46796875 0.1828125 0.11875
2 0.51015625 0.5546875 0.121875 0.078125
2 0.54375 0.64609375 0.165625 0.1078125
2 0.665625 0.78359375 0.28125 0.1890625
2 0.5015625 0.92890625 0.096875 0.06875
2 0.50078125 0.83984375 0.0859375 0.0640625
2 0.7265625 0.01875 0.171875 0.0375
2 0.61015625 0.0359375 0.2 0.071875
2 0.434375 0.19921875 0.03125 0.0328125
3 0.44765625 0.4 0.25 0.23125
3 0.3484375 0.71796875 0.153125 0.2140625
3 0.37734375 0.88203125 0.11875 0.165625
0 0.32109375 0.9140625 0.0734375 0.171875