2 0.50625 0.86484375 0.1078125 0.1375
2 0.57265625 0.9515625 0.0390625 0.040625
2 0.578125 0.790625 0.03125 0.028125
2 0.5765625 0.90703125 0.028125 0.0234375
2 0.165625 0.94765625 0.33125 0.1046875
2 0.40390625 0.52421875 0.2484375 0.140625
2 0.459375 0.28046875 0.171875 0.0734375
2 0.515625 0.21640625 0.10625 0.0390625
2 0.4765625 0.17109375 0.15625 0.0609375
2 0.51796875 0.02734375 0.0953125 0.0546875
2 0.53359375 0.065625 0.0859375 0.03125
2 0.5171875 0.1296875 0.090625 0.0625
3 0.6359375 0.19453125 0.090625 0.1296875
3 0.625 0.09296875 0.10625 0.0578125