2 0.5140625 0.07890625 0.196875 0.1578125
2 0.57109375 0.24140625 0.26875 0.1890625
2 0.51328125 0.3984375 0.175 0.11875
2 0.50625 0.49765625 0.1125 0.0703125
2 0.5484375 0.5640625 0.2234375 0.1109375
2 0.51015625 0.6390625 0.11875 0.028125
2 0.621875 0.771875 0.296875 0.196875
2 0.5140625 0.6875 0.128125 0.05625
2 0.46796875 0.72734375 0.0828125 0.0203125
2 0.484375 0.86015625 0.10625 0.0671875
2 0.48125 0.9546875 0.0875 0.053125
3 0.3375 0.76796875 0.05625 0.0296875
3 0.34453125 0.84140625 0.1 0.0984375
3 0.353125 0.94921875 0.103125 0.1015625
0 0.3515625 0.51328125 0.075 0.1015625