2 0.0734375 0.721875 0.14609375 0.2984375
2 0.31953125 0.76484375 0.32578125 0.42734375
2 0.52578125 0.56484375 0.1328125 0.16640625
2 0.63671875 0.51796875 0.103125 0.146875
2 0.715625 0.484375 0.07890625 0.1203125
2 0.82265625 0.490625 0.0578125 0.1109375
2 0.9046875 0.47265625 0.053125 0.096875
2 0.96484375 0.4609375 0.0421875 0.07578125
2 0.3953125 0.46015625 0.07578125 0.1265625
2 0.35859375 0.50078125 0.0703125 0.08515625
2 0.065625 0.503125 0.03671875 0.08046875
2 0.05234375 0.41171875 0.03671875 0.03125
0 0.38046875 0.31640625 0.153125 0.06171875
3 0.81875 0.346875 0.12421875 0.06796875
3 0.9171875 0.3546875 0.04765625 0.07109375
3 0.9703125 0.35390625 0.0515625 0.07890625