2 0.2671875 0.4421875 0.0234375 0.04453125
2 0.3953125 0.58046875 0.15859375 0.21640625
2 0.653125 0.5234375 0.07734375 0.1265625
2 0.796875 0.53828125 0.06953125 0.1421875
2 0.909375 0.5140625 0.04375 0.1171875
2 0.9890625 0.49609375 0.021875 0.06640625
2 0.9546875 0.5046875 0.04765625 0.08984375
2 0.853125 0.5015625 0.03984375 0.1171875
2 0.00859375 0.72734375 0.01640625 0.140625
2 0.32578125 0.434375 0.01328125 0.04453125
3 0.1203125 0.39765625 0.240625 0.3734375
3 0.484375 0.403125 0.2953125 0.30546875
3 0.78359375 0.41484375 0.15 0.1109375
3 0.746875 0.34921875 0.14765625 0.1
3 0.95625 0.39140625 0.0875 0.109375
0 0.88515625 0.36640625 0.0578125 0.15625