2 0.309375 0.4828125 0.10625 0.1390625
2 0.2765625 0.41796875 0.02578125 0.028125
2 0.4515625 0.48125 0.06796875 0.1296875
2 0.76015625 0.5046875 0.0734375 0.1515625
2 0.86640625 0.4703125 0.05546875 0.1453125
2 0.92890625 0.4640625 0.0484375 0.07265625
2 0.98046875 0.484375 0.0390625 0.090625
2 0.67109375 0.43515625 0.0328125 0.07109375
2 0.71640625 0.453125 0.021875 0.06953125
3 0.3953125 0.375 0.04140625 0.1046875
0 0.12265625 0.3171875 0.24453125 0.46484375
3 0.96953125 0.34375 0.0609375 0.04609375
3 0.8390625 0.34375 0.1109375 0.04921875