2 0.2375 0.578125 0.190625 0.2390625
2 0.46015625 0.61640625 0.13984375 0.2609375
2 0.59921875 0.54921875 0.1015625 0.18828125
2 0.68203125 0.51875 0.02578125 0.0953125
2 0.73125 0.54453125 0.0796875 0.16953125
2 0.79140625 0.50078125 0.0328125 0.103125
2 0.8671875 0.52578125 0.0609375 0.14375
2 0.9515625 0.50859375 0.04375 0.096875
2 0.98828125 0.5015625 0.0234375 0.071875
2 0.83046875 0.4796875 0.0140625 0.05234375
2 0.10234375 0.440625 0.021875 0.03828125
2 0.14296875 0.440625 0.03125 0.03515625
2 0.178125 0.4375 0.04140625 0.06015625
2 0.0578125 0.43203125 0.03046875 0.04296875
3 0.65703125 0.36171875 0.13984375 0.153125
3 0.76953125 0.38671875 0.07734375 0.09375
3 0.8390625 0.35234375 0.053125 0.07265625
3 0.9421875 0.3890625 0.115625 0.165625