2 0.4390625 0.3140625 0.228125 0.165625
2 0.4609375 0.20078125 0.15625 0.0609375
2 0.49140625 0.515625 0.184375 0.1078125
2 0.49453125 0.64140625 0.13125 0.0640625
2 0.47265625 0.715625 0.1921875 0.071875
2 0.51328125 0.78359375 0.125 0.05625
2 0.47890625 0.84921875 0.153125 0.0546875
2 0.5359375 0.825 0.115625 0.025
2 0.53203125 0.9015625 0.1171875 0.040625
2 0.53125 0.975 0.0953125 0.05
2 0.565625 0.61875 0.065625 0.0375
0 0.646875 0.028125 0.225 0.05625
3 0.665625 0.82109375 0.046875 0.1078125
3 0.65859375 0.9609375 0.0390625 0.078125