2 0.07890625 0.5140625 0.1578125 0.19765625
2 0.24140625 0.57109375 0.18984375 0.26875
2 0.3984375 0.51328125 0.11796875 0.17421875
2 0.49765625 0.50625 0.07109375 0.1140625
2 0.5640625 0.5484375 0.1109375 0.2234375
2 0.6390625 0.51015625 0.02890625 0.11875
2 0.771875 0.621875 0.196875 0.29609375
2 0.6875 0.5140625 0.05546875 0.1296875
2 0.72734375 0.46796875 0.02109375 0.08359375
2 0.86015625 0.484375 0.06796875 0.1046875
2 0.9546875 0.48125 0.0546875 0.08671875
3 0.76796875 0.3375 0.03046875 0.05703125
3 0.84140625 0.34453125 0.0984375 0.1
3 0.94921875 0.353125 0.1015625 0.103125
0 0.51328125 0.3515625 0.1015625 0.07421875