2 0.68359375 0.50078125 0.1078125 0.140625
2 0.94375 0.5328125 0.1125 0.1875
2 0.82890625 0.59375 0.2625 0.284375
2 0.8859375 0.4734375 0.0625 0.1265625
2 0.925 0.82890625 0.14375 0.3421875
2 0.36171875 0.53046875 0.096875 0.1875
2 0.76484375 0.41328125 0.0265625 0.0421875
2 0.64375 0.40703125 0.025 0.0359375
2 0.1984375 0.64296875 0.16875 0.2734375
2 0.1359375 0.47890625 0.065625 0.109375
2 0.0203125 0.4546875 0.040625 0.075
3 0.52265625 0.36328125 0.1953125 0.1828125
3 0.1109375 0.3390625 0.13125 0.05625
3 0.015625 0.3578125 0.03125 0.06875
3 0.8890625 0.37265625 0.0375 0.0625