2 0.8765625 0.3484375 0.24375 0.334375
2 0.721875 0.43671875 0.1828125 0.21875
2 0.821875 0.5046875 0.078125 0.071875
2 0.56328125 0.48046875 0.0953125 0.13125
2 0.46484375 0.44375 0.0984375 0.23125
2 0.36953125 0.5015625 0.0625 0.121875
2 0.3171875 0.453125 0.084375 0.16875
2 0.2296875 0.33984375 0.175 0.3234375
2 0.25703125 0.5078125 0.0375 0.146875
2 0.12421875 0.5125 0.0609375 0.125
2 0.60234375 0.596875 0.0078125 0.034375
2 0.5890625 0.596875 0.009375 0.0375
3 0.25 0.64765625 0.11875 0.10625
3 0.0984375 0.653125 0.10625 0.0875