2 0.92890625 0.45 0.1421875 0.2125
2 0.7609375 0.39296875 0.221875 0.2453125
2 0.83359375 0.55625 0.0453125 0.05625
2 0.92265625 0.21484375 0.1546875 0.4265625
2 0.67890625 0.5515625 0.0421875 0.040625
2 0.6234375 0.496875 0.11875 0.14375
2 0.55625 0.446875 0.03125 0.15625
2 0.475 0.42265625 0.11875 0.246875
2 0.253125 0.34140625 0.175 0.240625
2 0.0609375 0.51640625 0.053125 0.1125
2 0.71015625 0.59453125 0.0234375 0.0390625
3 0.9 0.63515625 0.025 0.0453125
3 0.3828125 0.634375 0.128125 0.178125
3 0.20859375 0.64140625 0.0765625 0.06875
3 0.10390625 0.6625 0.1078125 0.04375