2 0.07421875 0.57421875 0.1484375 0.234375
2 0.23359375 0.525 0.18046875 0.17265625
2 0.4 0.5546875 0.08359375 0.16484375
2 0.375 0.4625 0.0328125 0.06640625
2 0.4953125 0.59453125 0.11640625 0.2296875
2 0.59921875 0.521875 0.0796875 0.16015625
2 0.703125 0.5125 0.075 0.16015625
2 0.803125 0.5109375 0.0609375 0.1453125
2 0.95 0.6265625 0.1 0.20703125
0 0.2984375 0.34453125 0.2140625 0.146875
3 0.82265625 0.3484375 0.1171875 0.05859375
3 0.93359375 0.34921875 0.0546875 0.04140625
3 0.98515625 0.3515625 0.0296875 0.06328125