2 0.5578125 0.7328125 0.04375 0.021875
2 0.41953125 0.6046875 0.2171875 0.159375
2 0.4765625 0.346875 0.1265625 0.078125
2 0.46171875 0.203125 0.1421875 0.06875
2 0.4859375 0.090625 0.115625 0.04375
2 0.50390625 0.0109375 0.065625 0.021875
2 0.4953125 0.0453125 0.090625 0.046875
2 0.4984375 0.146875 0.115625 0.040625
2 0.27265625 0.99140625 0.140625 0.0171875
2 0.565625 0.67421875 0.04375 0.0140625
3 0.60234375 0.8796875 0.3734375 0.240625
3 0.596875 0.515625 0.30625 0.29375
3 0.58515625 0.21640625 0.1109375 0.15
3 0.65078125 0.253125 0.1 0.146875
3 0.60859375 0.04375 0.109375 0.0875
0 0.63359375 0.11484375 0.15625 0.0578125