2 0.2 0.64921875 0.21875 0.30078125
2 0.3578125 0.765625 0.2796875 0.42265625
2 0.4828125 0.55 0.07734375 0.21796875
2 0.54140625 0.46796875 0.0546875 0.07421875
2 0.58671875 0.4875 0.07578125 0.1390625
2 0.69453125 0.5265625 0.08125 0.1171875
2 0.77109375 0.534375 0.0671875 0.1375
2 0.80234375 0.48828125 0.065625 0.11875
2 0.9046875 0.515625 0.0609375 0.1046875
2 0.96796875 0.49921875 0.0375 0.10625
2 0.9953125 0.4796875 0.009375 0.08359375
3 0.70078125 0.3734375 0.11015625 0.1140625
3 0.9625 0.371875 0.075 0.1078125