2 0.7625 0.421875 0.190625 0.2375
2 0.53984375 0.38359375 0.1390625 0.2609375
2 0.40078125 0.45078125 0.1015625 0.1890625
2 0.31796875 0.48125 0.0265625 0.09375
2 0.26875 0.45546875 0.0796875 0.16875
2 0.20859375 0.49921875 0.0328125 0.103125
2 0.1328125 0.47421875 0.0609375 0.14375
2 0.0484375 0.49140625 0.04375 0.096875
2 0.01171875 0.4984375 0.0234375 0.071875
2 0.16953125 0.5203125 0.0140625 0.053125
2 0.89765625 0.559375 0.021875 0.0375
2 0.85703125 0.559375 0.03125 0.0359375
2 0.821875 0.5625 0.040625 0.059375
2 0.9421875 0.56796875 0.03125 0.0421875
3 0.34296875 0.63828125 0.1390625 0.153125
3 0.23046875 0.61328125 0.0765625 0.09375
3 0.1609375 0.64765625 0.053125 0.0734375
3 0.0578125 0.6109375 0.115625 0.165625