2 0.25859375 0.51953125 0.17890625 0.19296875
2 0.4484375 0.51640625 0.10703125 0.18046875
2 0.56953125 0.57109375 0.10625 0.18515625
2 0.67890625 0.66171875 0.17890625 0.32734375
2 0.64375 0.4953125 0.03671875 0.1296875
2 0.7921875 0.51484375 0.0546875 0.109375
2 0.73984375 0.4578125 0.03125 0.04765625
2 0.88828125 0.48359375 0.04453125 0.09140625
2 0.84453125 0.47734375 0.03203125 0.09140625
2 0.95546875 0.50859375 0.08515625 0.08828125
3 0.821875 0.3375 0.096875 0.03515625
3 0.95390625 0.3515625 0.078125 0.04921875
0 0.11171875 0.35703125 0.2234375 0.18984375
3 0.54375 0.36796875 0.0421875 0.05390625