2 0.4171875 0.9171875 0.2296875 0.165625
2 0.41484375 0.625 0.1640625 0.14375
2 0.47265625 0.54140625 0.15 0.0859375
2 0.4890625 0.49140625 0.103125 0.0578125
2 0.4078125 0.42890625 0.228125 0.11875
2 0.465625 0.31953125 0.125 0.08125
2 0.4515625 0.2328125 0.1375 0.06875
2 0.478125 0.15546875 0.1125 0.0625
2 0.496875 0.07109375 0.09375 0.046875
2 0.48828125 0.01171875 0.0640625 0.0234375
3 0.634375 0.621875 0.203125 0.271875
3 0.6203125 0.4609375 0.128125 0.115625
3 0.61640625 0.2859375 0.196875 0.221875
3 0.6265625 0.16484375 0.15625 0.1109375
3 0.571875 0.05078125 0.115625 0.1015625