2 0.2671875 0.5578125 0.021875 0.04375
2 0.3953125 0.41953125 0.159375 0.2171875
2 0.653125 0.4765625 0.078125 0.128125
2 0.796875 0.46171875 0.06875 0.1421875
2 0.909375 0.4859375 0.04375 0.1171875
2 0.9890625 0.50390625 0.021875 0.0671875
2 0.9546875 0.4953125 0.046875 0.090625
2 0.853125 0.4984375 0.040625 0.1171875
2 0.00859375 0.27265625 0.0171875 0.140625
2 0.32578125 0.565625 0.0140625 0.04375
3 0.1203125 0.60234375 0.240625 0.3734375
3 0.484375 0.596875 0.29375 0.30625
3 0.78359375 0.58515625 0.15 0.1109375
3 0.746875 0.65078125 0.146875 0.1
3 0.95625 0.60859375 0.0875 0.109375
0 0.88515625 0.63359375 0.0578125 0.15625