2 0.278125 0.0734375 0.3 0.146875
2 0.23515625 0.31953125 0.4265625 0.3265625
2 0.43515625 0.52578125 0.165625 0.1328125
2 0.48203125 0.63671875 0.146875 0.103125
2 0.515625 0.715625 0.11875 0.078125
2 0.509375 0.82265625 0.1125 0.0578125
2 0.52734375 0.9046875 0.096875 0.053125
2 0.5390625 0.96484375 0.075 0.0421875
2 0.53984375 0.3953125 0.1265625 0.075
2 0.49921875 0.35859375 0.0859375 0.0703125
2 0.496875 0.065625 0.08125 0.0375
2 0.58828125 0.05234375 0.03125 0.0375
0 0.68359375 0.38046875 0.0609375 0.153125
3 0.653125 0.81875 0.06875 0.125
3 0.6453125 0.9171875 0.071875 0.046875
3 0.64609375 0.9703125 0.078125 0.0515625