2 0.74140625 0.51953125 0.1796875 0.1921875
2 0.5515625 0.51640625 0.10625 0.18125
2 0.43046875 0.57109375 0.10625 0.1859375
2 0.32109375 0.66171875 0.1796875 0.3265625
2 0.35625 0.4953125 0.0375 0.1296875
2 0.2078125 0.51484375 0.053125 0.109375
2 0.26015625 0.4578125 0.03125 0.046875
2 0.11171875 0.48359375 0.0453125 0.0921875
2 0.15546875 0.47734375 0.03125 0.090625
2 0.04453125 0.50859375 0.0859375 0.0890625
3 0.178125 0.3375 0.096875 0.034375
3 0.04609375 0.3515625 0.078125 0.05
0 0.88828125 0.35703125 0.2234375 0.1890625
3 0.45625 0.36796875 0.04375 0.0546875