2 0.81796875 0.49296875 0.146875 0.1765625
2 0.41171875 0.4734375 0.1015625 0.16875
2 0.76953125 0.5890625 0.021875 0.04375
2 0.7421875 0.58671875 0.015625 0.0453125
2 0.59609375 0.59375 0.0296875 0.0375
2 0.35390625 0.56328125 0.0359375 0.0484375
2 0.315625 0.5265625 0.0609375 0.1421875
2 0.19609375 0.50859375 0.0609375 0.1375
2 0.13515625 0.54453125 0.0171875 0.0640625
2 0.1140625 0.5171875 0.025 0.084375
2 0.071875 0.515625 0.046875 0.078125
2 0.015625 0.5296875 0.03125 0.071875
3 0.16796875 0.66328125 0.115625 0.0578125
3 0.0421875 0.659375 0.0625 0.025
3 0.51328125 0.62890625 0.04375 0.0640625