2 0.9 0.4546875 0.178125 0.209375
2 0.728125 0.42265625 0.1875 0.2375
2 0.51796875 0.47734375 0.115625 0.15
2 0.4390625 0.51015625 0.0875 0.10625
2 0.60078125 0.50859375 0.0609375 0.0859375
2 0.3421875 0.49765625 0.040625 0.090625
2 0.2859375 0.46484375 0.0875 0.1421875
2 0.2046875 0.5 0.065625 0.1125
3 0.88359375 0.62109375 0.2328125 0.2296875
3 0.709375 0.65390625 0.265625 0.1828125
3 0.42734375 0.6625 0.2734375 0.196875
3 0.228125 0.6234375 0.16875 0.165625
0 0.09921875 0.6796875 0.1984375 0.103125