2 0.4953125 0.0578125 0.19375 0.115625
2 0.765625 0.5078125 0.328125 0.2625
2 0.53359375 0.434375 0.1296875 0.05625
2 0.4390625 0.6625 0.0625 0.04375
2 0.45625 0.56328125 0.10625 0.0453125
2 0.50390625 0.74765625 0.115625 0.0703125
2 0.47109375 0.815625 0.0890625 0.06875
2 0.48828125 0.89453125 0.0875 0.046875
2 0.4625 0.93203125 0.1 0.04375
2 0.44453125 0.96953125 0.0546875 0.028125
2 0.46796875 0.9890625 0.0828125 0.021875
2 0.3953125 0.58828125 0.025 0.021875
0 0.28125 0.06796875 0.415625 0.134375
3 0.35 0.8375 0.05 0.11875
3 0.34296875 0.96484375 0.0421875 0.0703125
3 0.36875 0.4421875 0.059375 0.034375