2 0.39765625 0.43828125 0.1546875 0.21875
2 0.67421875 0.2859375 0.1765625 0.30625
2 0.75546875 0.4671875 0.0546875 0.125
2 0.82421875 0.484375 0.046875 0.1140625
2 0.9265625 0.48828125 0.0625 0.1
2 0.53984375 0.446875 0.0609375 0.13125
2 0.59296875 0.41640625 0.0671875 0.1734375
2 0.32578125 0.45703125 0.0453125 0.1234375
2 0.0375 0.38515625 0.075 0.1765625
3 0.19453125 0.65625 0.3890625 0.34375
3 0.4421875 0.63515625 0.178125 0.1765625
3 0.6921875 0.6453125 0.09375 0.146875
3 0.60859375 0.63671875 0.171875 0.1