2 0.5171875 0.309375 0.140625 0.10625
2 0.58203125 0.2765625 0.028125 0.025
2 0.51875 0.4515625 0.13125 0.06875
2 0.4953125 0.76015625 0.153125 0.0734375
2 0.5296875 0.86640625 0.146875 0.0546875
2 0.5359375 0.92890625 0.071875 0.0484375
2 0.515625 0.98046875 0.090625 0.0390625
2 0.56484375 0.67109375 0.0703125 0.0328125
2 0.546875 0.71640625 0.06875 0.021875
3 0.625 0.3953125 0.10625 0.040625
0 0.6828125 0.12265625 0.465625 0.24375
3 0.65625 0.96953125 0.046875 0.0609375
3 0.65625 0.8390625 0.05 0.109375