2 0.721875 0.0734375 0.2984375 0.146875
2 0.76484375 0.31953125 0.4265625 0.3265625
2 0.56484375 0.52578125 0.1671875 0.1328125
2 0.51796875 0.63671875 0.146875 0.103125
2 0.484375 0.715625 0.11875 0.078125
2 0.490625 0.82265625 0.1109375 0.0578125
2 0.47265625 0.9046875 0.096875 0.053125
2 0.4609375 0.96484375 0.075 0.0421875
2 0.46015625 0.3953125 0.1265625 0.075
2 0.50078125 0.35859375 0.084375 0.0703125
2 0.503125 0.065625 0.08125 0.0375
2 0.41171875 0.05234375 0.03125 0.0375
0 0.31640625 0.38046875 0.0609375 0.153125
3 0.346875 0.81875 0.06875 0.125
3 0.3546875 0.9171875 0.071875 0.046875
3 0.35390625 0.9703125 0.0796875 0.053125