2 0.92890625 0.55 0.1421875 0.2125
2 0.7609375 0.60703125 0.221875 0.2453125
2 0.83359375 0.44375 0.046875 0.05625
2 0.92265625 0.78515625 0.1546875 0.4265625
2 0.67890625 0.4484375 0.0421875 0.040625
2 0.6234375 0.503125 0.11875 0.14375
2 0.55625 0.553125 0.03125 0.15625
2 0.475 0.57734375 0.11875 0.246875
2 0.253125 0.65859375 0.175 0.240625
2 0.0609375 0.48359375 0.053125 0.1125
2 0.71015625 0.40546875 0.0234375 0.0375
3 0.9 0.36484375 0.025 0.04375
3 0.3828125 0.365625 0.128125 0.178125
3 0.20859375 0.35859375 0.0765625 0.0703125
3 0.10390625 0.3375 0.10625 0.04375