2 0.4859375 0.92109375 0.196875 0.1578125
2 0.42890625 0.75859375 0.26875 0.1890625
2 0.48671875 0.6015625 0.175 0.11875
2 0.49375 0.50234375 0.1125 0.0703125
2 0.4515625 0.4359375 0.221875 0.109375
2 0.48984375 0.3609375 0.11875 0.028125
2 0.378125 0.228125 0.296875 0.196875
2 0.4859375 0.3125 0.128125 0.05625
2 0.53203125 0.27265625 0.0828125 0.0203125
2 0.515625 0.13984375 0.10625 0.0671875
2 0.51875 0.0453125 0.0875 0.053125
3 0.6625 0.23203125 0.05625 0.03125
3 0.65546875 0.15859375 0.1 0.0984375
3 0.646875 0.05078125 0.103125 0.1015625
0 0.6484375 0.48671875 0.075 0.1015625