2 0.41484375 0.55625 0.12265625 0.16171875
2 0.6421875 0.5609375 0.109375 0.1375
2 0.7328125 0.53125 0.06171875 0.1171875
2 0.80546875 0.55703125 0.06953125 0.1328125
2 0.86640625 0.5328125 0.0421875 0.125
2 0.91953125 0.50703125 0.0484375 0.08828125
2 0.06796875 0.44453125 0.0421875 0.05546875
2 0.146875 0.446875 0.03359375 0.03828125
2 0.02265625 0.4453125 0.0453125 0.04453125
3 0.3453125 0.4015625 0.35390625 0.3609375
3 0.91484375 0.38203125 0.1703125 0.1125
3 0.69609375 0.396875 0.14921875 0.1140625
3 0.728125 0.36015625 0.153125 0.134375
3 0.53671875 0.41171875 0.03671875 0.16640625
2 0.09609375 0.4359375 0.0234375 0.04765625
3 0.1140625 0.40625 0.03125 0.08671875
0 0.92578125 0.31171875 0.1484375 0.03984375