2 0.50703125 0.81796875 0.1765625 0.146875
2 0.5265625 0.41171875 0.16875 0.1
2 0.4109375 0.76953125 0.04375 0.021875
2 0.41328125 0.7421875 0.0453125 0.015625
2 0.40625 0.59609375 0.0375 0.0296875
2 0.43671875 0.35390625 0.0484375 0.0359375
2 0.4734375 0.315625 0.140625 0.0625
2 0.49140625 0.19609375 0.1375 0.0609375
2 0.45546875 0.13515625 0.0640625 0.0171875
2 0.4828125 0.1140625 0.084375 0.025
2 0.484375 0.071875 0.078125 0.046875
2 0.4703125 0.015625 0.071875 0.03125
3 0.33671875 0.16796875 0.0578125 0.115625
3 0.340625 0.0421875 0.025 0.0625
3 0.37109375 0.51328125 0.0640625 0.04375