2 0.1 0.5453125 0.178125 0.20859375
2 0.271875 0.57734375 0.18828125 0.2375
2 0.48203125 0.52265625 0.11640625 0.15
2 0.5609375 0.48984375 0.08828125 0.10625
2 0.39921875 0.49140625 0.06171875 0.08515625
2 0.6578125 0.50234375 0.03984375 0.09140625
2 0.7140625 0.53515625 0.0875 0.1421875
2 0.7953125 0.5 0.0640625 0.1140625
3 0.11640625 0.37890625 0.23203125 0.22890625
3 0.290625 0.34609375 0.26484375 0.18359375
3 0.57265625 0.3375 0.27265625 0.19609375
3 0.771875 0.3765625 0.16953125 0.16640625
0 0.90078125 0.3203125 0.19765625 0.103125