2 0.06015625 0.56796875 0.0671875 0.19140625
2 0.19609375 0.5703125 0.1875 0.2390625
2 0.378125 0.496875 0.11484375 0.15703125
2 0.57734375 0.5171875 0.1078125 0.16640625
2 0.7171875 0.5109375 0.06953125 0.16328125
2 0.63828125 0.4921875 0.02890625 0.1265625
2 0.66796875 0.47265625 0.0265625 0.1
2 0.78984375 0.48359375 0.0421875 0.11875
2 0.82734375 0.46015625 0.0296875 0.1265625
2 0.8734375 0.49296875 0.046875 0.109375
2 0.9484375 0.46875 0.0578125 0.10625
2 0.034375 0.50859375 0.06171875 0.15859375
3 0.909375 0.3484375 0.0890625 0.06796875
3 0.8078125 0.34375 0.103125 0.06484375