2 0.41484375 0.44375 0.1234375 0.1625
2 0.6421875 0.4390625 0.109375 0.1375
2 0.7328125 0.46875 0.0625 0.11875
2 0.80546875 0.44296875 0.0703125 0.1328125
2 0.86640625 0.4671875 0.0421875 0.125
2 0.91953125 0.49296875 0.0484375 0.0890625
2 0.06796875 0.55546875 0.0421875 0.0546875
2 0.146875 0.553125 0.034375 0.0390625
2 0.02265625 0.5546875 0.0453125 0.04375
3 0.3453125 0.5984375 0.353125 0.3609375
3 0.91484375 0.61796875 0.1703125 0.1125
3 0.69609375 0.603125 0.1484375 0.1125
3 0.728125 0.63984375 0.153125 0.134375
3 0.53671875 0.58828125 0.0375 0.165625
2 0.09609375 0.5640625 0.0234375 0.046875
3 0.1140625 0.59375 0.03125 0.0875
0 0.92578125 0.68828125 0.1484375 0.0390625