2 0.0828125 0.5828125 0.165625 0.2296875
2 0.375 0.58515625 0.1421875 0.16328125
2 0.45859375 0.52734375 0.08671875 0.15
2 0.50859375 0.5109375 0.0578125 0.1046875
2 0.57109375 0.5921875 0.11875 0.2296875
2 0.68046875 0.534375 0.08125 0.125
2 0.7671875 0.5484375 0.06953125 0.1375
2 0.84453125 0.521875 0.0625 0.1109375
2 0.92890625 0.503125 0.046875 0.09296875
2 0.98828125 0.51171875 0.0234375 0.0640625
3 0.378125 0.365625 0.27265625 0.20390625
3 0.5390625 0.3796875 0.11484375 0.1296875
3 0.7140625 0.38359375 0.221875 0.19609375
3 0.83515625 0.3734375 0.11015625 0.15703125
3 0.94921875 0.428125 0.1015625 0.115625