2 0.690625 0.5171875 0.10625 0.140625
2 0.7234375 0.58203125 0.025 0.028125
2 0.5484375 0.51875 0.06875 0.13125
2 0.23984375 0.4953125 0.0734375 0.153125
2 0.13359375 0.5296875 0.0546875 0.146875
2 0.07109375 0.5359375 0.0484375 0.071875
2 0.01953125 0.515625 0.0390625 0.090625
2 0.32890625 0.56484375 0.0328125 0.071875
2 0.28359375 0.546875 0.021875 0.06875
3 0.6046875 0.625 0.040625 0.10625
0 0.87734375 0.6828125 0.2453125 0.465625
3 0.03046875 0.65625 0.0609375 0.046875
3 0.1609375 0.65625 0.109375 0.05