2 0.39765625 0.56171875 0.15390625 0.21875
2 0.67421875 0.7140625 0.17734375 0.30703125
2 0.75546875 0.5328125 0.05546875 0.125
2 0.82421875 0.515625 0.04765625 0.1140625
2 0.9265625 0.51171875 0.0625 0.1
2 0.53984375 0.553125 0.06015625 0.13125
2 0.59296875 0.58359375 0.06796875 0.17265625
2 0.32578125 0.54296875 0.04609375 0.1234375
2 0.0375 0.61484375 0.075 0.17734375
3 0.19453125 0.34375 0.3890625 0.34375
3 0.4421875 0.36484375 0.17734375 0.17734375
3 0.6921875 0.3546875 0.09375 0.1453125
3 0.60859375 0.36328125 0.171875 0.1