2 0.1234375 0.6515625 0.24453125 0.33359375
2 0.278125 0.56328125 0.1828125 0.21875
2 0.178125 0.4953125 0.07734375 0.07109375
2 0.43671875 0.51953125 0.09453125 0.13125
2 0.53515625 0.55625 0.0984375 0.2296875
2 0.63046875 0.4984375 0.0625 0.1234375
2 0.6828125 0.546875 0.0828125 0.16796875
2 0.7703125 0.66015625 0.175 0.32421875
2 0.74296875 0.4921875 0.0375 0.1453125
2 0.87578125 0.4875 0.0609375 0.1234375
2 0.39765625 0.403125 0.00703125 0.03359375
2 0.4109375 0.403125 0.0109375 0.03671875
3 0.75 0.35234375 0.11796875 0.10625
3 0.9015625 0.346875 0.10625 0.08671875