2 0.43203125 0.93984375 0.1921875 0.0671875
2 0.4296875 0.80390625 0.240625 0.1875
2 0.503125 0.621875 0.15625 0.115625
2 0.4828125 0.42265625 0.165625 0.1078125
2 0.4890625 0.2828125 0.1625 0.06875
2 0.5078125 0.36171875 0.128125 0.0296875
2 0.52734375 0.33203125 0.1 0.0265625
2 0.51640625 0.21015625 0.11875 0.0421875
2 0.53984375 0.17265625 0.1265625 0.0296875
2 0.50703125 0.1265625 0.109375 0.046875
2 0.53125 0.0515625 0.10625 0.059375
2 0.49140625 0.965625 0.1578125 0.0625
3 0.6515625 0.090625 0.06875 0.0875
3 0.65625 0.1921875 0.065625 0.103125