2 0.3484375 0.8765625 0.334375 0.24375
2 0.43671875 0.721875 0.21875 0.18125
2 0.5046875 0.821875 0.071875 0.078125
2 0.48046875 0.56328125 0.13125 0.0953125
2 0.44375 0.46484375 0.23125 0.0984375
2 0.5015625 0.36953125 0.1234375 0.0625
2 0.453125 0.3171875 0.16875 0.0828125
2 0.33984375 0.2296875 0.3234375 0.175
2 0.5078125 0.25703125 0.1453125 0.0375
2 0.5125 0.12421875 0.125 0.0609375
2 0.596875 0.60234375 0.034375 0.00625
2 0.596875 0.5890625 0.0375 0.0109375
3 0.64765625 0.25 0.10625 0.11875
3 0.653125 0.0984375 0.0875 0.10625