2 0.3140625 0.5609375 0.16484375 0.2296875
2 0.20078125 0.5390625 0.0609375 0.15625
2 0.515625 0.50859375 0.1078125 0.18359375
2 0.64140625 0.50546875 0.06328125 0.13125
2 0.715625 0.52734375 0.07265625 0.19296875
2 0.78359375 0.48671875 0.05625 0.125
2 0.84921875 0.52109375 0.05546875 0.153125
2 0.825 0.4640625 0.0265625 0.115625
2 0.9015625 0.46796875 0.04140625 0.1171875
2 0.975 0.46875 0.05 0.0953125
2 0.61875 0.434375 0.03671875 0.06640625
0 0.028125 0.353125 0.05625 0.225
3 0.82109375 0.334375 0.1078125 0.04765625
3 0.9609375 0.34140625 0.078125 0.03984375