2 0.0578125 0.4953125 0.115625 0.19453125
2 0.5078125 0.765625 0.2625 0.32734375
2 0.434375 0.53359375 0.0546875 0.1296875
2 0.6625 0.4390625 0.04375 0.06328125
2 0.56328125 0.45625 0.0453125 0.10625
2 0.74765625 0.50390625 0.06953125 0.115625
2 0.815625 0.47109375 0.06875 0.08828125
2 0.89453125 0.48828125 0.04609375 0.08828125
2 0.93203125 0.4625 0.04375 0.1
2 0.96953125 0.44453125 0.028125 0.05546875
2 0.9890625 0.46796875 0.021875 0.0828125
2 0.58828125 0.3953125 0.021875 0.025
0 0.06796875 0.28125 0.13515625 0.41484375
3 0.8375 0.35 0.11875 0.04921875
3 0.96484375 0.34296875 0.0703125 0.0421875
3 0.4421875 0.36875 0.0328125 0.05859375