2 0.3171875 0.2546875 0.1125 0.05625
2 0.346875 0.41640625 0.15625 0.0484375
2 0.1859375 0.46796875 0.10625 0.0359375
2 0.19296875 0.5484375 0.1203125 0.0453125
2 0.25234375 0.60390625 0.1125 0.0328125
2 0.19140625 0.65078125 0.0828125 0.0390625
2 0.1875 0.7171875 0.09375 0.0375
2 0.07265625 0.503125 0.08125 0.0375
2 0.0765625 0.55078125 0.053125 0.0390625
2 0.1125 0.61875 0.10625 0.021875
2 0.08046875 0.6765625 0.0828125 0.025
2 0.0296875 0.60546875 0.059375 0.0203125
2 0.03828125 0.784375 0.0765625 0.040625
2 0.10703125 0.7515625 0.0765625 0.03125
1 0.7328125 0.90078125 0.534375 0.1984375