2 0.09375 0.19921875 0.065625 0.0328125
2 0.2140625 0.2765625 0.1375 0.03125
2 0.1734375 0.2390625 0.0875 0.025
2 0.2078125 0.34921875 0.1375 0.0296875
2 0.28828125 0.39921875 0.1453125 0.0328125
2 0.4234375 0.621875 0.146875 0.05625
2 0.34140625 0.75234375 0.1671875 0.0359375
2 0.2203125 0.54765625 0.1234375 0.040625
2 0.09140625 0.5125 0.1171875 0.0375
2 0.23828125 0.46640625 0.13125 0.0484375
2 0.140625 0.38125 0.09375 0.028125
2 0.03984375 0.396875 0.0765625 0.03125
2 0.13046875 0.3265625 0.0578125 0.025
1 0.79609375 0.08515625 0.4078125 0.1703125
2 0.01796875 0.4921875 0.0359375 0.015625
2 0.02109375 0.3140625 0.0421875 0.034375