2 0.0640625 0.61953125 0.090625 0.0359375
2 0.03515625 0.73203125 0.0515625 0.0203125
2 0.11328125 0.83125 0.121875 0.03125
2 0.16015625 0.7015625 0.0921875 0.028125
2 0.25546875 0.68125 0.1 0.03125
2 0.24453125 0.57890625 0.1 0.0390625
2 0.153125 0.52578125 0.1 0.034375
2 0.24296875 0.415625 0.125 0.046875
2 0.37578125 0.32109375 0.1796875 0.0703125
2 0.7125 0.2921875 0.225 0.059375
2 0.6546875 0.4125 0.221875 0.078125
2 0.44453125 0.46875 0.1671875 0.05625
2 0.82109375 0.07890625 0.253125 0.0921875
2 0.80703125 0.51796875 0.2171875 0.0640625
2 0.62578125 0.6171875 0.128125 0.04375
2 0.4796875 0.56796875 0.115625 0.034375
2 0.73828125 0.703125 0.121875 0.034375
2 0.5640625 0.7796875 0.115625 0.05
2 0.51328125 0.896875 0.134375 0.046875
2 0.4140625 0.6625 0.10625 0.0375