2 0.809375 0.8203125 0.096875 0.253125
2 0.8203125 0.53984375 0.059375 0.1859375
2 0.6203125 0.45859375 0.05 0.1484375
2 0.52109375 0.44453125 0.0671875 0.1515625
2 0.44609375 0.55078125 0.053125 0.1921875
2 0.3703125 0.425 0.034375 0.11875
2 0.28828125 0.49296875 0.0328125 0.0890625
2 0.23125 0.36953125 0.040625 0.090625
2 0.14609375 0.28046875 0.0484375 0.0671875
2 0.40390625 0.31328125 0.03125 0.0859375
2 0.5015625 0.3046875 0.0375 0.096875
2 0.5984375 0.2390625 0.040625 0.121875
2 0.52890625 0.10546875 0.0265625 0.1125
2 0.43828125 0.046875 0.0296875 0.06875
2 0.41328125 0.14609375 0.0328125 0.0578125
2 0.31875 0.12890625 0.0375 0.0515625
2 0.33515625 0.2671875 0.025 0.071875
2 0.184375 0.04140625 0.025 0.053125
2 0.353125 0.0140625 0.0125 0.028125