2 0.50546875 0.2890625 0.0671875 0.140625
2 0.21796875 0.6859375 0.1234375 0.234375
2 0.38515625 0.565625 0.0828125 0.19375
2 0.52109375 0.52734375 0.0640625 0.1984375
2 0.05703125 0.86796875 0.0953125 0.2390625
2 0.3296875 0.94453125 0.0875 0.1109375
2 0.4625 0.9234375 0.0859375 0.153125
2 0.64765625 0.8640625 0.0609375 0.271875
2 0.72734375 0.64921875 0.0609375 0.2609375
2 0.92578125 0.47421875 0.053125 0.2015625
2 0.79609375 0.3296875 0.053125 0.165625
2 0.7203125 0.44296875 0.04375 0.1328125
2 0.98125 0.2890625 0.0375 0.125