2 0.81328125 0.94296875 0.0796875 0.071875
2 0.58046875 0.78828125 0.0578125 0.1359375
2 0.46953125 0.72734375 0.0421875 0.146875
2 0.39765625 0.815625 0.0265625 0.103125
2 0.48203125 0.8546875 0.0390625 0.078125
2 0.39609375 0.94453125 0.0390625 0.0515625
1 0.1046875 0.72890625 0.134375 0.2328125
1 0.89921875 0.196875 0.2015625 0.39375
1 0.509375 0.09140625 0.24375 0.1828125
1 0.0375 0.1125 0.075 0.225
1 0.31484375 0.92421875 0.08125 0.1515625
1 0.49921875 0.94140625 0.1 0.115625
1 0.4109375 0.99140625 0.065625 0.0171875