2 0.44296875 0.415625 0.0546875 0.121875
2 0.5390625 0.3078125 0.078125 0.1875
2 0.334375 0.42265625 0.0625 0.1640625
2 0.36015625 0.68671875 0.0453125 0.1546875
2 0.440625 0.82578125 0.04375 0.1078125
2 0.5421875 0.90625 0.0375 0.09375
2 0.62890625 0.96484375 0.040625 0.0703125
2 0.58046875 0.79921875 0.0296875 0.0609375
2 0.66015625 0.675 0.0359375 0.090625
2 0.58125 0.609375 0.040625 0.10625
2 0.4875 0.62109375 0.0375 0.109375
2 0.6234375 0.49765625 0.0375 0.1609375
2 0.7046875 0.40390625 0.028125 0.0828125
2 0.7671875 0.5734375 0.053125 0.178125
2 0.8671875 0.6546875 0.053125 0.1625
2 0.825 0.93359375 0.028125 0.1140625
2 0.67890625 0.821875 0.034375 0.09375
2 0.70234375 0.87734375 0.0234375 0.0890625
2 0.728125 0.990625 0.01875 0.01875
2 0.11953125 0.0640625 0.0796875 0.128125
2 0.1359375 0.3265625 0.071875 0.240625