2 0.81328125 0.05703125 0.08125 0.071875
2 0.58046875 0.21171875 0.05625 0.1359375
2 0.46953125 0.27265625 0.0421875 0.146875
2 0.39765625 0.184375 0.025 0.103125
2 0.48203125 0.1453125 0.0390625 0.078125
2 0.39609375 0.05546875 0.0390625 0.0515625
1 0.1046875 0.27109375 0.134375 0.2328125
1 0.89921875 0.803125 0.2015625 0.39375
1 0.509375 0.90859375 0.24375 0.1828125
1 0.0375 0.8875 0.075 0.225
1 0.31484375 0.07578125 0.08125 0.1515625
1 0.49921875 0.05859375 0.1 0.115625
1 0.4109375 0.00859375 0.065625 0.0171875