1 0.428125 0.33046875 0.290625 0.1359375
1 0.0546875 0.17109375 0.109375 0.0984375
1 0.04609375 0.33828125 0.0921875 0.0765625
1 0.1625 0.4453125 0.178125 0.109375
1 0.29375 0.6046875 0.209375 0.15
1 0.11875 0.909375 0.125 0.08125
2 0.884375 0.94609375 0.23125 0.1078125
2 0.81328125 0.75234375 0.2171875 0.103125
2 0.48671875 0.5796875 0.1125 0.05625
2 0.625 0.5296875 0.178125 0.065625
2 0.46171875 0.48125 0.0984375 0.053125
2 0.0546875 0.525 0.05625 0.0359375
2 0.01875 0.46953125 0.0375 0.028125
2 0.059375 0.84140625 0.06875 0.0734375