2 0.49453125 0.2890625 0.0671875 0.140625
2 0.78203125 0.6859375 0.1234375 0.234375
2 0.61484375 0.565625 0.0828125 0.19375
2 0.47890625 0.52734375 0.0640625 0.1984375
2 0.94296875 0.86796875 0.0953125 0.2390625
2 0.6703125 0.94453125 0.0875 0.1109375
2 0.5375 0.9234375 0.0859375 0.153125
2 0.35234375 0.8640625 0.0609375 0.271875
2 0.27265625 0.64921875 0.0609375 0.2609375
2 0.07421875 0.47421875 0.053125 0.2015625
2 0.20390625 0.3296875 0.053125 0.165625
2 0.2796875 0.44296875 0.04375 0.1328125
2 0.01875 0.2890625 0.0375 0.125