2 0.18671875 0.05703125 0.08046875 0.07109375
2 0.41953125 0.21171875 0.05703125 0.1359375
2 0.53046875 0.27265625 0.0421875 0.146875
2 0.60234375 0.184375 0.02578125 0.103125
2 0.51796875 0.1453125 0.0390625 0.07734375
2 0.60390625 0.05546875 0.0390625 0.05234375
1 0.8953125 0.27109375 0.13359375 0.2328125
1 0.10078125 0.803125 0.2015625 0.39375
1 0.490625 0.90859375 0.24375 0.18203125
1 0.9625 0.8875 0.075 0.225
1 0.68515625 0.07578125 0.08125 0.1515625
1 0.50078125 0.05859375 0.1 0.11640625
1 0.5890625 0.00859375 0.06484375 0.0171875