2 0.48203125 0.07578125 0.03046875 0.1046875
2 0.42890625 0.1953125 0.0546875 0.1125
2 0.40234375 0.3796875 0.0578125 0.1359375
2 0.2 0.4921875 0.075 0.1359375
2 0.2671875 0.67109375 0.0796875 0.19453125
2 0.496875 0.36484375 0.04921875 0.14375
2 0.56953125 0.4765625 0.053125 0.16328125
2 0.71796875 0.39921875 0.03359375 0.115625
2 0.6328125 0.3453125 0.03125 0.1140625
2 0.76484375 0.284375 0.040625 0.1
2 0.83203125 0.2078125 0.03046875 0.103125
2 0.58828125 0.1234375 0.02421875 0.08359375
2 0.59921875 0.265625 0.03125 0.1015625
2 0.52421875 0.25234375 0.0375 0.08203125
2 0.66953125 0.2171875 0.0265625 0.08203125
2 0.68046875 0.11796875 0.0265625 0.06328125
2 0.5703125 0.02578125 0.01953125 0.0515625
2 0.809375 0.025 0.02109375 0.04921875
2 0.69609375 0.04921875 0.0171875 0.05859375