2 0.809375 0.1796875 0.096875 0.2546875
2 0.8203125 0.46015625 0.059375 0.1859375
2 0.6203125 0.54140625 0.05 0.1484375
2 0.52109375 0.55546875 0.0671875 0.1515625
2 0.44609375 0.44921875 0.053125 0.1921875
2 0.3703125 0.575 0.034375 0.11875
2 0.28828125 0.50703125 0.0328125 0.0890625
2 0.23125 0.63046875 0.040625 0.0921875
2 0.14609375 0.71953125 0.0484375 0.0671875
2 0.40390625 0.68671875 0.03125 0.0859375
2 0.5015625 0.6953125 0.0375 0.096875
2 0.5984375 0.7609375 0.040625 0.121875
2 0.52890625 0.89453125 0.0265625 0.1125
2 0.43828125 0.953125 0.0296875 0.06875
2 0.41328125 0.85390625 0.0328125 0.05625
2 0.31875 0.87109375 0.0375 0.0515625
2 0.33515625 0.7328125 0.0265625 0.071875
2 0.184375 0.95859375 0.025 0.0515625
2 0.353125 0.9859375 0.0125 0.028125