2 0.18125 0.11015625 0.121875 0.2203125
2 0.45 0.92109375 0.04375 0.1046875
2 0.5078125 0.96875 0.0375 0.0625
2 0.503125 0.49140625 0.053125 0.16875
2 0.40234375 0.46015625 0.06875 0.1046875
2 0.4296875 0.26328125 0.075 0.1921875
2 0.14765625 0.94609375 0.0828125 0.0703125
1 0.3796875 0.68828125 0.1625 0.1671875
1 0.54765625 0.7953125 0.1140625 0.190625
1 0.66171875 0.503125 0.1265625 0.309375
1 0.840625 0.9125 0.103125 0.1625
1 0.6625 0.9390625 0.0875 0.115625
1 0.1046875 0.859375 0.11875 0.15625