2 0.92421875 0.51796875 0.1046875 0.0296875
2 0.8046875 0.57109375 0.1125 0.0546875
2 0.6203125 0.59765625 0.134375 0.0578125
2 0.5078125 0.8 0.134375 0.075
2 0.32890625 0.7328125 0.19375 0.0796875
2 0.63515625 0.503125 0.14375 0.05
2 0.5234375 0.43046875 0.1625 0.053125
2 0.60078125 0.28203125 0.115625 0.0328125
2 0.6546875 0.3671875 0.1140625 0.03125
2 0.715625 0.23515625 0.1 0.040625
2 0.7921875 0.16796875 0.103125 0.0296875
2 0.8765625 0.41171875 0.084375 0.0234375
2 0.734375 0.40078125 0.1 0.03125
2 0.74765625 0.47578125 0.0828125 0.0375
2 0.7828125 0.33046875 0.08125 0.0265625
2 0.88203125 0.31953125 0.0640625 0.0265625
2 0.97421875 0.4296875 0.0515625 0.01875
2 0.975 0.190625 0.05 0.021875
2 0.95078125 0.30390625 0.059375 0.0171875