2 0.18125 0.88984375 0.121875 0.2203125
2 0.45 0.07890625 0.04453125 0.1046875
2 0.5078125 0.03125 0.0375 0.0625
2 0.503125 0.50859375 0.053125 0.16796875
2 0.40234375 0.53984375 0.06875 0.1046875
2 0.4296875 0.73671875 0.075 0.19296875
2 0.14765625 0.05390625 0.0828125 0.07109375
1 0.3796875 0.31171875 0.1625 0.16640625
1 0.54765625 0.2046875 0.1140625 0.18984375
1 0.66171875 0.496875 0.1265625 0.30859375
1 0.840625 0.0875 0.10390625 0.16171875
1 0.6625 0.0609375 0.0875 0.115625
1 0.1046875 0.140625 0.11953125 0.1546875