2 0.88671875 0.59921875 0.0890625 0.0265625
2 0.76640625 0.503125 0.09375 0.0375
2 0.67265625 0.38125 0.1203125 0.059375
2 0.52578125 0.27578125 0.121875 0.0875
2 0.17109375 0.38046875 0.184375 0.071875
2 0.11015625 0.4953125 0.2203125 0.0875
2 0.27890625 0.603125 0.153125 0.05
2 0.425 0.559375 0.125 0.040625
2 0.4234375 0.4375 0.128125 0.053125
2 0.33515625 0.7796875 0.1484375 0.053125
2 0.3453125 0.92265625 0.15625 0.05625
2 0.51015625 0.659375 0.121875 0.0375
2 0.803125 0.853125 0.08125 0.025
2 0.91796875 0.74921875 0.0796875 0.0296875
2 0.66484375 0.68203125 0.0828125 0.0265625
2 0.121875 0.7015625 0.10625 0.03125
2 0.08828125 0.06171875 0.1765625 0.0890625
2 0.15625 0.2609375 0.24375 0.046875
2 0.7796875 0.71015625 0.1171875 0.03125
2 0.70390625 0.56953125 0.1203125 0.0390625