2 0.88984375 0.81875 0.2203125 0.121875
2 0.07890625 0.55 0.1046875 0.04375
2 0.03125 0.4921875 0.0625 0.0375
2 0.50859375 0.496875 0.16875 0.053125
2 0.53984375 0.59765625 0.1046875 0.06875
2 0.73671875 0.5703125 0.1921875 0.075
2 0.05390625 0.85234375 0.0703125 0.0828125
1 0.31171875 0.6203125 0.1671875 0.1625
1 0.2046875 0.45234375 0.190625 0.1140625
1 0.496875 0.33828125 0.309375 0.1265625
1 0.0875 0.159375 0.1625 0.103125
1 0.0609375 0.3375 0.115625 0.0875
1 0.140625 0.8953125 0.15625 0.11875