2 0.2234375 0.41328125 0.07109375 0.18203125
2 0.325 0.5515625 0.071875 0.17734375
2 0.425 0.31640625 0.04609375 0.0984375
2 0.5140625 0.32265625 0.0453125 0.1078125
2 0.58203125 0.41640625 0.05625 0.1171875
2 0.64296875 0.30078125 0.0359375 0.09296875
2 0.715625 0.32734375 0.03359375 0.0984375
2 0.7609375 0.2375 0.0265625 0.07421875
2 0.81796875 0.1609375 0.034375 0.08515625
2 0.6765625 0.1875 0.021875 0.08203125
2 0.6078125 0.221875 0.028125 0.08671875
2 0.45546875 0.1671875 0.04140625 0.1
2 0.534375 0.19375 0.0515625 0.03515625
2 0.49609375 0.05078125 0.03046875 0.08671875
2 0.5953125 0.07890625 0.02265625 0.08671875
2 0.67421875 0.07109375 0.02421875 0.05859375
1 0.92734375 0.8875 0.1421875 0.225