2 0.90625 0.80078125 0.065625 0.0328125
2 0.7859375 0.7234375 0.1375 0.03125
2 0.8265625 0.7609375 0.0875 0.025
2 0.7921875 0.65078125 0.1375 0.0296875
2 0.71171875 0.60078125 0.1453125 0.0328125
2 0.5765625 0.378125 0.146875 0.05625
2 0.65859375 0.24765625 0.165625 0.0375
2 0.7796875 0.45234375 0.1234375 0.040625
2 0.90859375 0.4875 0.1171875 0.0390625
2 0.76171875 0.53359375 0.13125 0.05
2 0.859375 0.61875 0.09375 0.028125
2 0.96015625 0.603125 0.078125 0.0296875
2 0.86953125 0.6734375 0.05625 0.0265625
1 0.20390625 0.91484375 0.4078125 0.1703125
2 0.98203125 0.5078125 0.0359375 0.015625
2 0.97890625 0.6859375 0.0421875 0.034375