2 0.2546875 0.3171875 0.05546875 0.1125
2 0.41640625 0.346875 0.04765625 0.1546875
2 0.46796875 0.1859375 0.03671875 0.10625
2 0.5484375 0.19296875 0.0453125 0.1203125
2 0.60390625 0.25234375 0.0328125 0.1125
2 0.65078125 0.19140625 0.03984375 0.08359375
2 0.7171875 0.1875 0.03828125 0.09375
2 0.503125 0.07265625 0.03671875 0.08046875
2 0.55078125 0.0765625 0.0390625 0.05390625
2 0.61875 0.1125 0.02265625 0.1046875
2 0.6765625 0.08046875 0.02578125 0.08359375
2 0.60546875 0.0296875 0.0203125 0.05859375
2 0.784375 0.03828125 0.040625 0.0765625
2 0.7515625 0.10703125 0.03203125 0.07578125
1 0.90078125 0.7328125 0.19765625 0.534375