2 0.61953125 0.0640625 0.0359375 0.090625
2 0.73203125 0.03515625 0.0203125 0.0515625
2 0.83125 0.11328125 0.0296875 0.121875
2 0.7015625 0.16015625 0.0265625 0.09375
2 0.68125 0.25546875 0.03125 0.1
2 0.57890625 0.24453125 0.0390625 0.1
2 0.52578125 0.153125 0.034375 0.1
2 0.415625 0.24296875 0.046875 0.125
2 0.32109375 0.37578125 0.0703125 0.18125
2 0.2921875 0.7125 0.059375 0.225
2 0.4125 0.6546875 0.078125 0.221875
2 0.46875 0.44453125 0.05625 0.165625
2 0.07890625 0.82109375 0.0921875 0.253125
2 0.51796875 0.80703125 0.0640625 0.215625
2 0.6171875 0.62578125 0.04375 0.128125
2 0.56796875 0.4796875 0.034375 0.115625
2 0.703125 0.73828125 0.034375 0.121875
2 0.7796875 0.5640625 0.05 0.115625
2 0.896875 0.51328125 0.046875 0.134375
2 0.6625 0.4140625 0.0375 0.10625