2 0.80078125 0.09375 0.03203125 0.06640625
2 0.7234375 0.2140625 0.03046875 0.1375
2 0.7609375 0.1734375 0.025 0.08828125
2 0.65078125 0.2078125 0.03046875 0.1375
2 0.60078125 0.28828125 0.03359375 0.1453125
2 0.378125 0.4234375 0.05546875 0.146875
2 0.24765625 0.34140625 0.03671875 0.16640625
2 0.45234375 0.2203125 0.03984375 0.1234375
2 0.4875 0.09140625 0.0390625 0.1171875
2 0.53359375 0.23828125 0.04921875 0.13125
2 0.61875 0.140625 0.028125 0.09296875
2 0.603125 0.03984375 0.0296875 0.07734375
2 0.6734375 0.13046875 0.02578125 0.05703125
1 0.91484375 0.79609375 0.1703125 0.40703125
2 0.5078125 0.01796875 0.0171875 0.03515625
2 0.6859375 0.02109375 0.034375 0.0421875