1 0.33046875 0.428125 0.134375 0.290625
1 0.17109375 0.0546875 0.0984375 0.109375
1 0.33828125 0.04609375 0.0765625 0.0921875
1 0.4453125 0.1625 0.109375 0.178125
1 0.6046875 0.29375 0.15 0.209375
1 0.909375 0.11875 0.08125 0.125
2 0.94609375 0.884375 0.1078125 0.23125
2 0.75234375 0.81328125 0.103125 0.215625
2 0.5796875 0.48671875 0.05625 0.1125
2 0.5296875 0.625 0.0640625 0.178125
2 0.48125 0.46171875 0.053125 0.0984375
2 0.525 0.0546875 0.0375 0.05625
2 0.46953125 0.01875 0.028125 0.0375
2 0.84140625 0.059375 0.071875 0.06875