2 0.2546875 0.3171875 0.05625 0.1125
2 0.41640625 0.346875 0.046875 0.1546875
2 0.46796875 0.1859375 0.0359375 0.10625
2 0.5484375 0.19296875 0.046875 0.1203125
2 0.60390625 0.25234375 0.0328125 0.1125
2 0.65078125 0.19140625 0.0390625 0.0828125
2 0.7171875 0.1875 0.0375 0.09375
2 0.503125 0.07265625 0.0375 0.08125
2 0.55078125 0.0765625 0.0390625 0.053125
2 0.61875 0.1125 0.021875 0.10625
2 0.6765625 0.08046875 0.025 0.0828125
2 0.60546875 0.0296875 0.0203125 0.059375
2 0.784375 0.03828125 0.040625 0.0765625
2 0.7515625 0.10703125 0.03125 0.0765625
1 0.90078125 0.7328125 0.1984375 0.534375