2 0.190625 0.8203125 0.096875 0.2546875
2 0.1796875 0.53984375 0.059375 0.18515625
2 0.3796875 0.45859375 0.05 0.1484375
2 0.47890625 0.44453125 0.0671875 0.1515625
2 0.55390625 0.55078125 0.053125 0.19140625
2 0.6296875 0.425 0.034375 0.11875
2 0.71171875 0.49296875 0.0328125 0.08828125
2 0.76875 0.36953125 0.04140625 0.09140625
2 0.85390625 0.28046875 0.04765625 0.06640625
2 0.59609375 0.31328125 0.03125 0.08671875
2 0.4984375 0.3046875 0.03671875 0.096875
2 0.4015625 0.2390625 0.0421875 0.1234375
2 0.47109375 0.10546875 0.0265625 0.1125
2 0.56171875 0.046875 0.0296875 0.06953125
2 0.58671875 0.14609375 0.0328125 0.05703125
2 0.68125 0.12890625 0.0375 0.05078125
2 0.66484375 0.2671875 0.02578125 0.07109375
2 0.815625 0.04140625 0.02421875 0.05234375
2 0.646875 0.0140625 0.0140625 0.028125