1 0.66328125 0.6078125 0.15625 0.3671875
1 0.35390625 0.396875 0.1796875 0.246875
1 0.53203125 0.2421875 0.1265625 0.21328125
1 0.6625 0.07421875 0.09140625 0.1484375
1 0.85 0.15078125 0.125 0.18359375
1 0.12265625 0.146875 0.16328125 0.1421875
2 0.3796875 0.8578125 0.0734375 0.2625
2 0.4890625 0.59140625 0.053125 0.221875
2 0.39453125 0.59609375 0.04921875 0.19296875
2 0.42265625 0.1140625 0.0390625 0.1078125
2 0.49140625 0.0640625 0.0328125 0.08203125
2 0.1203125 0.04765625 0.07734375 0.05546875