2 0.584375 0.55703125 0.121875 0.0546875
2 0.6921875 0.4609375 0.1875 0.078125
2 0.57734375 0.665625 0.1640625 0.0625
2 0.31328125 0.63984375 0.1546875 0.0453125
2 0.17421875 0.559375 0.1078125 0.04375
2 0.09375 0.4578125 0.09375 0.0375
2 0.03515625 0.37109375 0.0703125 0.040625
2 0.20078125 0.41953125 0.0609375 0.0296875
2 0.325 0.33984375 0.090625 0.0359375
2 0.390625 0.41875 0.1078125 0.040625
2 0.37890625 0.5125 0.109375 0.0375
2 0.50234375 0.3765625 0.1609375 0.0375
2 0.59609375 0.2953125 0.0828125 0.028125
2 0.4265625 0.2328125 0.178125 0.053125
2 0.3453125 0.1328125 0.1625 0.053125
2 0.06640625 0.175 0.1140625 0.028125
2 0.178125 0.32109375 0.09375 0.034375
2 0.12265625 0.29765625 0.0875 0.021875
2 0.009375 0.271875 0.01875 0.01875
2 0.9359375 0.88046875 0.128125 0.0796875
2 0.6734375 0.8640625 0.240625 0.071875