1 0.1703125 0.53515625 0.22109375 0.3546875
1 0.54765625 0.575 0.17265625 0.359375
1 0.790625 0.8984375 0.240625 0.203125
1 0.928125 0.49921875 0.14296875 0.365625
1 0.85234375 0.06484375 0.09375 0.1296875
1 0.6921875 0.0234375 0.0703125 0.04609375
2 0.60703125 0.1296875 0.03046875 0.08984375
2 0.5515625 0.07578125 0.0265625 0.08046875
2 0.4984375 0.09609375 0.0328125 0.08203125
2 0.19140625 0.05390625 0.08046875 0.06796875
2 0.6296875 0.05546875 0.0296875 0.06171875
1 0.53671875 0.01328125 0.0703125 0.0265625