2 0.59921875 0.11328125 0.02578125 0.08828125
2 0.503125 0.23359375 0.03828125 0.09375
2 0.38125 0.32734375 0.06015625 0.1203125
2 0.27578125 0.47421875 0.0875 0.121875
2 0.38046875 0.82890625 0.07265625 0.18515625
2 0.4953125 0.88984375 0.0875 0.2203125
2 0.603125 0.72109375 0.05 0.153125
2 0.559375 0.575 0.03984375 0.125
2 0.4375 0.5765625 0.05390625 0.128125
2 0.7796875 0.66484375 0.053125 0.1484375
2 0.92265625 0.6546875 0.05625 0.15703125
2 0.659375 0.48984375 0.03828125 0.121875
2 0.853125 0.196875 0.025 0.08203125
2 0.74921875 0.08203125 0.02890625 0.08046875
2 0.68203125 0.33515625 0.0265625 0.08359375
2 0.7015625 0.878125 0.03125 0.1046875
2 0.06171875 0.91171875 0.08828125 0.17578125
2 0.2609375 0.84375 0.0484375 0.2421875
2 0.71015625 0.2203125 0.03125 0.1171875
2 0.56953125 0.29609375 0.03984375 0.1203125