2 0.44296875 0.584375 0.05546875 0.121875
2 0.5390625 0.6921875 0.078125 0.18671875
2 0.334375 0.57734375 0.0625 0.16328125
2 0.36015625 0.31328125 0.04453125 0.1546875
2 0.440625 0.17421875 0.0421875 0.1078125
2 0.5421875 0.09375 0.03828125 0.0953125
2 0.62890625 0.03515625 0.03984375 0.0703125
2 0.58046875 0.20078125 0.03046875 0.06171875
2 0.66015625 0.325 0.0359375 0.09140625
2 0.58125 0.390625 0.040625 0.1078125
2 0.4875 0.37890625 0.0375 0.109375
2 0.6234375 0.50234375 0.03671875 0.16171875
2 0.7046875 0.59609375 0.0296875 0.08203125
2 0.7671875 0.4265625 0.0515625 0.17734375
2 0.8671875 0.3453125 0.05390625 0.16328125
2 0.825 0.06640625 0.028125 0.1140625
2 0.67890625 0.178125 0.034375 0.09375
2 0.70234375 0.12265625 0.02265625 0.08828125
2 0.728125 0.009375 0.01875 0.01875
2 0.11953125 0.9359375 0.07890625 0.128125
2 0.1359375 0.6734375 0.0703125 0.2390625