2 0.7765625 0.41328125 0.071875 0.18125
2 0.675 0.5515625 0.071875 0.178125
2 0.575 0.31640625 0.046875 0.0984375
2 0.4859375 0.32265625 0.046875 0.1078125
2 0.41796875 0.41640625 0.05625 0.1171875
2 0.35703125 0.30078125 0.0359375 0.0921875
2 0.284375 0.32734375 0.034375 0.0984375
2 0.2390625 0.2375 0.0265625 0.075
2 0.18203125 0.1609375 0.034375 0.084375
2 0.3234375 0.1875 0.021875 0.08125
2 0.3921875 0.221875 0.028125 0.0875
2 0.54453125 0.1671875 0.0421875 0.1
2 0.465625 0.19375 0.0515625 0.034375
2 0.50390625 0.05078125 0.0296875 0.0859375
2 0.4046875 0.07890625 0.021875 0.0859375
2 0.32578125 0.07109375 0.0234375 0.0578125
1 0.07265625 0.8875 0.1421875 0.225