2 0.11328125 0.40078125 0.0890625 0.0265625
2 0.23359375 0.496875 0.09375 0.0375
2 0.32734375 0.61875 0.1203125 0.059375
2 0.47421875 0.72421875 0.121875 0.0875
2 0.82890625 0.61953125 0.1859375 0.0734375
2 0.88984375 0.5046875 0.2203125 0.0875
2 0.72109375 0.396875 0.153125 0.05
2 0.575 0.440625 0.125 0.040625
2 0.5765625 0.5625 0.128125 0.053125
2 0.66484375 0.2203125 0.1484375 0.053125
2 0.6546875 0.07734375 0.15625 0.05625
2 0.48984375 0.340625 0.121875 0.0375
2 0.196875 0.146875 0.08125 0.025
2 0.08203125 0.25078125 0.0796875 0.0296875
2 0.33515625 0.31796875 0.0828125 0.0265625
2 0.878125 0.2984375 0.10625 0.03125
2 0.91171875 0.93828125 0.1765625 0.0890625
2 0.84375 0.7390625 0.2421875 0.0484375
2 0.2203125 0.28984375 0.115625 0.03125
2 0.29609375 0.43046875 0.1203125 0.040625