1 0.66953125 0.428125 0.13515625 0.29140625
1 0.82890625 0.0546875 0.0984375 0.109375
1 0.66171875 0.04609375 0.0765625 0.0921875
1 0.5546875 0.1625 0.1109375 0.17734375
1 0.3953125 0.29375 0.14921875 0.20859375
1 0.090625 0.11875 0.0828125 0.1234375
2 0.05390625 0.884375 0.1078125 0.23125
2 0.24765625 0.81328125 0.103125 0.21640625
2 0.4203125 0.48671875 0.05546875 0.1125
2 0.4703125 0.625 0.0640625 0.17890625
2 0.51875 0.46171875 0.053125 0.0984375
2 0.475 0.0546875 0.0359375 0.05703125
2 0.53046875 0.01875 0.028125 0.03671875
2 0.15859375 0.059375 0.07265625 0.06953125