2 0.965625 0.65546875 0.05 0.0859375
2 0.68125 0.40234375 0.021875 0.034375
2 0.60625 0.31328125 0.0125 0.0203125
2 0.328125 0.4078125 0.01875 0.03125
2 0.4203125 0.378125 0.0140625 0.028125
1 0.33515625 0.55703125 0.0578125 0.1015625
1 0.4109375 0.49921875 0.04375 0.0859375
0 0.14453125 0.75703125 0.2890625 0.4859375
1 0.37265625 0.75390625 0.109375 0.18125
2 0.16796875 0.9734375 0.065625 0.053125
1 0.1484375 0.53984375 0.096875 0.1046875
1 0.48515625 0.34765625 0.0296875 0.0390625
1 0.39375 0.32421875 0.021875 0.028125
1 0.44921875 0.328125 0.0265625 0.03125
2 0.30703125 0.4078125 0.01875 0.025
1 0.33203125 0.38359375 0.046875 0.034375
1 0.365625 0.34375 0.03125 0.03125
2 0.484375 0.303125 0.009375 0.0125
2 0.471875 0.290625 0.00625 0.015625
2 0.48203125 0.28125 0.0078125 0.009375
2 0.50625 0.28515625 0.0125 0.0125
1 0.5734375 0.28359375 0.0125 0.0203125
1 0.5921875 0.278125 0.015625 0.021875
2 0.609375 0.26953125 0.009375 0.01875
1 0.82734375 0.453125 0.0734375 0.075