2 0.48828125 0.21015625 0.05625 0.025
2 0.32734375 0.03828125 0.0890625 0.0546875
2 0.62578125 0.42421875 0.0328125 0.01875
2 0.6640625 0.371875 0.028125 0.01875
1 0.68671875 0.3890625 0.0328125 0.021875
2 0.7125 0.43046875 0.021875 0.0109375
1 0.70703125 0.40859375 0.0265625 0.0125
2 0.7078125 0.3703125 0.015625 0.009375
1 0.7328125 0.421875 0.01875 0.0125
2 0.725 0.3953125 0.0125 0.00625
1 0.43125 0.36875 0.121875 0.078125
1 0.26796875 0.2125 0.2015625 0.140625
0 0.56953125 0.6796875 0.2421875 0.134375
1 0.46015625 0.85078125 0.0984375 0.1078125
1 0.33203125 0.9078125 0.1296875 0.084375
1 0.67421875 0.60234375 0.0265625 0.028125
1 0.63125 0.37890625 0.04375 0.034375
0 0.75234375 0.41796875 0.040625 0.021875
1 0.54453125 0.16796875 0.0703125 0.0671875