2 0.34453125 0.965625 0.0859375 0.05
2 0.59765625 0.68125 0.034375 0.021875
2 0.68671875 0.60625 0.0203125 0.0125
2 0.5921875 0.328125 0.03125 0.0171875
2 0.621875 0.4203125 0.028125 0.0140625
1 0.44296875 0.33515625 0.103125 0.05625
1 0.50078125 0.4109375 0.0875 0.04375
0 0.24296875 0.14453125 0.4859375 0.2890625
1 0.24609375 0.37265625 0.18125 0.109375
2 0.0265625 0.16796875 0.053125 0.065625
1 0.46015625 0.1484375 0.1046875 0.096875
1 0.65234375 0.48515625 0.0390625 0.0296875
1 0.67578125 0.39375 0.028125 0.021875
1 0.671875 0.44921875 0.03125 0.028125
2 0.5921875 0.30703125 0.025 0.0203125
1 0.61640625 0.33203125 0.034375 0.046875
1 0.65625 0.365625 0.03125 0.03125
2 0.696875 0.484375 0.0125 0.009375
2 0.709375 0.471875 0.015625 0.00625
2 0.71875 0.48203125 0.009375 0.00625
2 0.71484375 0.50625 0.0125 0.0125
1 0.71640625 0.5734375 0.0203125 0.0125
1 0.721875 0.5921875 0.021875 0.015625
2 0.73046875 0.609375 0.01875 0.009375
1 0.546875 0.82734375 0.075 0.071875