2 0.78984375 0.51171875 0.02578125 0.05703125
2 0.96171875 0.67265625 0.05390625 0.08984375
2 0.57578125 0.37421875 0.01875 0.0328125
2 0.628125 0.3359375 0.01875 0.028125
1 0.6109375 0.31328125 0.021875 0.0328125
2 0.56953125 0.2875 0.01015625 0.021875
1 0.59140625 0.29296875 0.01328125 0.0265625
2 0.6296875 0.2921875 0.00859375 0.01640625
1 0.578125 0.2671875 0.0125 0.01953125
2 0.6046875 0.275 0.00625 0.01171875
1 0.63125 0.56875 0.07734375 0.12265625
1 0.7875 0.73203125 0.13984375 0.20234375
0 0.3203125 0.43046875 0.13359375 0.24140625
1 0.14921875 0.53984375 0.1078125 0.09765625
1 0.0921875 0.66796875 0.08359375 0.1296875
1 0.39765625 0.32578125 0.028125 0.0265625
1 0.62109375 0.36875 0.034375 0.04375
0 0.58203125 0.24765625 0.021875 0.040625
1 0.83203125 0.45546875 0.06796875 0.07109375