2 0.903125 0.46015625 0.04375 0.109375
2 0.79453125 0.4875 0.053125 0.1
2 0.8921875 0.28671875 0.03125 0.0859375
2 0.8421875 0.2296875 0.028125 0.065625
2 0.4921875 0.18828125 0.034375 0.046875
2 0.53359375 0.1921875 0.0328125 0.059375
2 0.24453125 0.5359375 0.0796875 0.115625
2 0.41484375 0.3390625 0.05 0.084375
2 0.3640625 0.31640625 0.0453125 0.06875
2 0.29375 0.41640625 0.0703125 0.103125
2 0.16484375 0.3546875 0.0515625 0.0625
2 0.1046875 0.321875 0.03125 0.06875
2 0.06015625 0.35546875 0.05 0.08125
2 0.2140625 0.30546875 0.05625 0.0828125
2 0.2296875 0.203125 0.053125 0.05
2 0.428125 0.26640625 0.05 0.0375
2 0.578125 0.12265625 0.03125 0.0484375
2 0.88984375 0.15703125 0.03125 0.05625
2 0.4609375 0.153125 0.034375 0.04375
2 0.49375 0.1046875 0.0375 0.03125
2 0.521875 0.0875 0.028125 0.05625
2 0.3953125 0.20859375 0.028125 0.0796875