2 0.13046875 0.53671875 0.090625 0.034375
2 0.26484375 0.53125 0.08125 0.0453125
2 0.29921875 0.48984375 0.078125 0.040625
2 0.45 0.61015625 0.071875 0.015625
2 0.521875 0.56875 0.05625 0.01875
2 0.46328125 0.9703125 0.065625 0.046875
2 0.496875 0.9515625 0.0484375 0.04375
2 0.50859375 0.92109375 0.0359375 0.0390625
2 0.23125 0.25703125 0.13125 0.0390625
2 0.48203125 0.35703125 0.0578125 0.0265625
2 0.3890625 0.53984375 0.078125 0.0359375
2 0.5546875 0.3671875 0.059375 0.015625
2 0.628125 0.55 0.05 0.01875
2 0.4234375 0.2828125 0.20625 0.1109375
2 0.72421875 0.35 0.1015625 0.04375