2 0.41796875 0.45703125 0.028125 0.065625
2 0.55390625 0.42421875 0.0390625 0.046875
2 0.67265625 0.5015625 0.05 0.0625
2 0.8515625 0.43203125 0.0609375 0.05
2 0.84453125 0.6625 0.0671875 0.125
2 0.396875 0.78515625 0.046875 0.1203125
2 0.2734375 0.946875 0.04375 0.10625
2 0.2125 0.87109375 0.040625 0.1171875
2 0.16953125 0.884375 0.01875 0.096875
2 0.19921875 0.73828125 0.0359375 0.0546875
2 0.1390625 0.725 0.0375 0.078125
2 0.1625 0.665625 0.015625 0.090625
2 0.340625 0.27109375 0.0125 0.0453125
3 0.27265625 0.38515625 0.1078125 0.1171875
2 0.253125 0.309375 0.01875 0.04375
2 0.184375 0.278125 0.01875 0.04375
2 0.10546875 0.35546875 0.0328125 0.0578125
2 0.09453125 0.3953125 0.01875 0.040625
2 0.06484375 0.3953125 0.0125 0.05625
2 0.06796875 0.3140625 0.0203125 0.065625
2 0.1921875 0.15859375 0.0296875 0.0328125
3 0.49609375 0.44375 0.1140625 0.1375
2 0.5171875 0.36796875 0.034375 0.0265625
3 0.68125 0.646875 0.14375 0.2