2 0.71015625 0.25625 0.034375 0.109375
2 0.70234375 0.39375 0.025 0.084375
2 0.67890625 0.4640625 0.028125 0.0609375
2 0.58515625 0.60625 0.025 0.065625
2 0.0109375 0.44921875 0.021875 0.0390625
2 0.015625 0.47265625 0.025 0.0515625
2 0.02734375 0.4875 0.025 0.04375
2 0.634375 0.7109375 0.0125 0.0375
2 0.64921875 0.70625 0.009375 0.03125
2 0.67578125 0.70703125 0.0109375 0.0328125
2 0.61328125 0.70546875 0.015625 0.046875
2 0.5828125 0.70390625 0.015625 0.0296875
2 0.5625 0.71015625 0.01875 0.0234375