2 0.75078125 0.5078125 0.1265625 0.103125
2 0.65546875 0.58984375 0.0953125 0.090625
2 0.7515625 0.66796875 0.109375 0.065625
2 0.946875 0.6328125 0.10625 0.071875
2 0.21875 0.36484375 0.05625 0.0296875
2 0.22265625 0.328125 0.04375 0.0203125
2 0.23359375 0.29375 0.046875 0.025
2 0.253125 0.27265625 0.053125 0.0265625
2 0.27109375 0.23984375 0.04375 0.025
2 0.28515625 0.19765625 0.04375 0.0265625
2 0.26015625 0.21640625 0.0328125 0.0203125
2 0.29765625 0.1671875 0.0484375 0.028125
2 0.334375 0.096875 0.065625 0.040625
2 0.303125 0.1109375 0.0484375 0.03125
2 0.31328125 0.0609375 0.0546875 0.021875
2 0.34921875 0.03671875 0.0578125 0.0234375
2 0.3703125 0.0171875 0.05625 0.034375
2 0.2703125 0.134375 0.059375 0.021875
2 0.2515625 0.165625 0.04375 0.01875