3 0.253125 0.51015625 0.10625 0.175
2 0.328125 0.59296875 0.03125 0.075
2 0.29296875 0.6046875 0.0234375 0.065625
2 0.51875 0.5875 0.01875 0.075
2 0.54375 0.52265625 0.021875 0.059375
2 0.86015625 0.66796875 0.0375 0.084375
2 0.8109375 0.65390625 0.040625 0.0734375
2 0.76953125 0.63125 0.0359375 0.0875
2 0.83515625 0.4921875 0.03125 0.059375
1 0.7828125 0.39609375 0.075 0.1171875
1 0.45390625 0.48203125 0.06875 0.159375
1 0.41015625 0.4140625 0.05625 0.11875
0 0.3640625 0.26953125 0.059375 0.1203125
0 0.409375 0.2171875 0.0375 0.09375
2 0.80625 0.54921875 0.0234375 0.0484375
2 0.69765625 0.628125 0.0359375 0.075
2 0.7671875 0.56328125 0.040625 0.0578125
2 0.77890625 0.51796875 0.03125 0.0546875
2 0.734375 0.521875 0.025 0.065625
2 0.7109375 0.52578125 0.021875 0.0625
2 0.675 0.52734375 0.025 0.0671875
2 0.54296875 0.45390625 0.0296875 0.0484375
2 0.37109375 0.51875 0.0234375 0.05625
2 0.33984375 0.5375 0.028125 0.071875
2 0.33671875 0.48515625 0.028125 0.0453125
1 0.4359375 0.3125 0.059375 0.084375
0 0.47109375 0.2375 0.0375 0.1