2 0.75546875 0.809375 0.0953125 0.12421875
2 0.5609375 0.9328125 0.11953125 0.1203125
2 0.415625 0.8828125 0.1046875 0.08828125
2 0.59453125 0.653125 0.071875 0.090625
2 0.13671875 0.59609375 0.03828125 0.084375
2 0.2296875 0.40390625 0.06015625 0.07578125
2 0.29765625 0.3453125 0.03203125 0.059375
2 0.3453125 0.34140625 0.03203125 0.0453125
2 0.37421875 0.33671875 0.034375 0.059375
2 0.40078125 0.3265625 0.03203125 0.040625
2 0.43046875 0.31015625 0.03046875 0.0421875
2 0.97421875 0.6828125 0.0515625 0.059375
2 0.9109375 0.7890625 0.08828125 0.0859375
2 0.83359375 0.57265625 0.0546875 0.0671875
2 0.89765625 0.55625 0.04375 0.075
2 0.7609375 0.53359375 0.0375 0.0765625