2 0.86328125 0.24453125 0.0765625 0.071875
2 0.66015625 0.3 0.059375 0.0625
2 0.79296875 0.69921875 0.1484375 0.090625
2 0.8125 0.9390625 0.190625 0.121875
2 0.48515625 0.7609375 0.115625 0.084375
2 0.44140625 0.86328125 0.1453125 0.140625
2 0.24140625 0.878125 0.1078125 0.13125
2 0.3671875 0.6546875 0.1 0.084375
2 0.08984375 0.67421875 0.09375 0.096875
2 0.12421875 0.55703125 0.1015625 0.0703125
2 0.4921875 0.2703125 0.078125 0.040625
2 0.35859375 0.26484375 0.0609375 0.0390625
2 0.6640625 0.2 0.065625 0.040625
2 0.56328125 0.17421875 0.0578125 0.0109375
2 0.37578125 0.2390625 0.0921875 0.046875
2 0.35 0.19921875 0.065625 0.04375