3 0.746875 0.48984375 0.10625 0.1765625
2 0.671875 0.40703125 0.03125 0.075
2 0.70703125 0.3953125 0.0234375 0.065625
2 0.48125 0.4125 0.01875 0.075
2 0.45625 0.47734375 0.021875 0.059375
2 0.13984375 0.33203125 0.0390625 0.0828125
2 0.1890625 0.34609375 0.040625 0.071875
2 0.23046875 0.36875 0.0359375 0.0875
2 0.16484375 0.5078125 0.03125 0.059375
1 0.2171875 0.60390625 0.075 0.1171875
1 0.54609375 0.51796875 0.0703125 0.1609375
1 0.58984375 0.5859375 0.0578125 0.11875
0 0.6359375 0.73046875 0.059375 0.1203125
0 0.590625 0.7828125 0.0359375 0.09375
2 0.19375 0.45078125 0.0234375 0.0484375
2 0.30234375 0.371875 0.0359375 0.075
2 0.2328125 0.43671875 0.040625 0.0578125
2 0.22109375 0.48203125 0.03125 0.0546875
2 0.265625 0.478125 0.025 0.065625
2 0.2890625 0.47421875 0.021875 0.0625
2 0.325 0.47265625 0.025 0.0671875
2 0.45703125 0.54609375 0.0296875 0.0484375
2 0.62890625 0.48125 0.0234375 0.05625
2 0.66015625 0.4625 0.028125 0.071875
2 0.66328125 0.51484375 0.028125 0.0453125
1 0.5640625 0.6875 0.059375 0.084375
0 0.52890625 0.7625 0.0390625 0.1