2 0.70546875 0.30625 0.034375 0.08125
2 0.78203125 0.4 0.0109375 0.0625
2 0.73828125 0.4515625 0.028125 0.0625
2 0.24375 0.0328125 0.053125 0.065625
2 0.83359375 0.65078125 0.01875 0.05
2 0.815625 0.60703125 0.0234375 0.040625
2 0.8078125 0.53515625 0.025 0.0453125
2 0.775 0.53671875 0.01875 0.0453125
2 0.7421875 0.54453125 0.01875 0.0484375
2 0.746875 0.496875 0.028125 0.03125
2 0.78984375 0.60234375 0.0203125 0.0296875
2 0.790625 0.5703125 0.01875 0.025
2 0.76875 0.57265625 0.01875 0.0265625
2 0.7625 0.60703125 0.021875 0.0375
2 0.77890625 0.6375 0.0171875 0.03125
3 0.67265625 0.415625 0.075 0.103125