2 0.809375 0.24453125 0.125 0.0953125
2 0.9328125 0.4390625 0.121875 0.11875
2 0.8828125 0.584375 0.0875 0.1046875
2 0.653125 0.40546875 0.090625 0.071875
2 0.59609375 0.86328125 0.084375 0.0390625
2 0.40390625 0.7703125 0.0765625 0.059375
2 0.3453125 0.70234375 0.059375 0.03125
2 0.34140625 0.6546875 0.0453125 0.03125
2 0.33671875 0.62578125 0.059375 0.034375
2 0.3265625 0.59921875 0.040625 0.03125
2 0.31015625 0.56953125 0.0421875 0.0296875
2 0.6828125 0.02578125 0.059375 0.0515625
2 0.7890625 0.0890625 0.084375 0.0875
2 0.57265625 0.16640625 0.0671875 0.0546875
2 0.55625 0.10234375 0.075 0.04375
2 0.53359375 0.2390625 0.0765625 0.0375