2 0.9421875 0.7375 0.0453125 0.1078125
2 0.8546875 0.625 0.059375 0.0625
2 0.728125 0.60234375 0.06875 0.0625
2 0.79609375 0.79765625 0.078125 0.11875
2 0.64375 0.66953125 0.0625 0.0703125
2 0.56953125 0.67578125 0.025 0.0796875
2 0.52421875 0.796875 0.0515625 0.1125
2 0.5109375 0.7046875 0.040625 0.0875
2 0.53359375 0.62109375 0.025 0.0828125
2 0.51953125 0.459375 0.0421875 0.0625
2 0.28984375 0.8046875 0.0328125 0.1
2 0.1828125 0.8375 0.040625 0.15
2 0.0796875 0.7203125 0.05 0.0875
2 0.3015625 0.475 0.0375 0.0640625
2 0.34140625 0.415625 0.0296875 0.05
3 0.3609375 0.54140625 0.09375 0.128125
2 0.246875 0.421875 0.025 0.053125
2 0.2890625 0.39140625 0.015625 0.0578125
2 0.44296875 0.36484375 0.0421875 0.028125
2 0.546875 0.38828125 0.01875 0.0359375
2 0.9765625 0.53203125 0.046875 0.0421875
2 0.90703125 0.48046875 0.0328125 0.0359375
2 0.946875 0.50703125 0.025 0.034375