2 0.58203125 0.45703125 0.02734375 0.06640625
2 0.44609375 0.42421875 0.03984375 0.046875
2 0.32734375 0.5015625 0.05 0.0625
2 0.1484375 0.43203125 0.0609375 0.05078125
2 0.15546875 0.6625 0.06640625 0.1234375
2 0.603125 0.78515625 0.046875 0.11953125
2 0.7265625 0.946875 0.04375 0.10625
2 0.7875 0.87109375 0.04140625 0.11640625
2 0.83046875 0.884375 0.01875 0.09765625
2 0.80078125 0.73828125 0.03671875 0.05546875
2 0.8609375 0.725 0.03671875 0.078125
2 0.8375 0.665625 0.015625 0.08984375
2 0.659375 0.27109375 0.0140625 0.0453125
3 0.72734375 0.38515625 0.1078125 0.11640625
2 0.746875 0.309375 0.0171875 0.04296875
2 0.815625 0.278125 0.0171875 0.0453125
2 0.89453125 0.35546875 0.0328125 0.05703125
2 0.90546875 0.3953125 0.01875 0.04140625
2 0.93515625 0.3953125 0.0125 0.05546875
2 0.93203125 0.3140625 0.01953125 0.065625
2 0.8078125 0.15859375 0.0296875 0.0328125
3 0.50390625 0.44375 0.11328125 0.1375
2 0.4828125 0.36796875 0.034375 0.02578125
3 0.31875 0.646875 0.14375 0.2