2 0.13671875 0.24453125 0.0765625 0.07109375
2 0.33984375 0.3 0.059375 0.0625
2 0.20703125 0.69921875 0.14765625 0.090625
2 0.1875 0.9390625 0.190625 0.121875
2 0.51484375 0.7609375 0.11484375 0.08359375
2 0.55859375 0.86328125 0.14609375 0.140625
2 0.75859375 0.878125 0.1078125 0.13046875
2 0.6328125 0.6546875 0.10078125 0.08515625
2 0.91015625 0.67421875 0.09375 0.09765625
2 0.87578125 0.55703125 0.10078125 0.07109375
2 0.5078125 0.2703125 0.078125 0.04140625
2 0.64140625 0.26484375 0.0609375 0.03828125
2 0.3359375 0.2 0.06640625 0.03984375
2 0.43671875 0.17421875 0.05859375 0.01015625
2 0.62421875 0.2390625 0.0921875 0.046875
2 0.65 0.19921875 0.06640625 0.04296875