2 0.51953125 0.39453125 0.09375 0.078125
2 0.4734375 0.20625 0.0875 0.096875
2 0.4671875 0.053125 0.0765625 0.090625
2 0.6078125 0.0625 0.071875 0.05625
2 0.59296875 0.13828125 0.0640625 0.0734375
2 0.6375 0.165625 0.075 0.0625
2 0.68828125 0.21875 0.08125 0.06875
2 0.68828125 0.0421875 0.04375 0.0375
2 0.69609375 0.09296875 0.059375 0.040625
2 0.703125 0.13515625 0.053125 0.0125
2 0.20234375 0.6421875 0.1375 0.059375
2 0.36875 0.721875 0.109375 0.05
2 0.53203125 0.81328125 0.08125 0.0375
2 0.72109375 0.84453125 0.0859375 0.0578125
2 0.8109375 0.90546875 0.075 0.01875
2 0.72109375 0.35234375 0.06875 0.065625
2 0.80390625 0.3984375 0.065625 0.0375
2 0.85078125 0.4609375 0.059375 0.05
2 0.89296875 0.4890625 0.0609375 0.040625
2 0.91875 0.5265625 0.059375 0.025