2 0.24453125 0.86328125 0.0703125 0.0765625
2 0.3 0.66015625 0.0625 0.059375
2 0.69921875 0.79296875 0.090625 0.146875
2 0.9390625 0.8125 0.121875 0.190625
2 0.7609375 0.48515625 0.084375 0.1140625
2 0.86328125 0.44140625 0.140625 0.146875
2 0.878125 0.24140625 0.13125 0.1078125
2 0.6546875 0.3671875 0.084375 0.1
2 0.67421875 0.08984375 0.0984375 0.09375
2 0.55703125 0.12421875 0.0703125 0.1015625
2 0.2703125 0.4921875 0.040625 0.078125
2 0.26484375 0.35859375 0.0390625 0.0609375
2 0.2 0.6640625 0.040625 0.065625
2 0.17421875 0.56328125 0.0109375 0.0578125
2 0.2390625 0.37578125 0.046875 0.0921875
2 0.19921875 0.35 0.0421875 0.065625