2 0.4921875 0.75078125 0.10390625 0.1265625
2 0.41015625 0.65546875 0.090625 0.0953125
2 0.33203125 0.7515625 0.065625 0.1078125
2 0.3671875 0.946875 0.07265625 0.10625
2 0.63515625 0.21875 0.0296875 0.0578125
2 0.671875 0.22265625 0.0203125 0.04375
2 0.70625 0.23359375 0.0234375 0.046875
2 0.72734375 0.253125 0.0265625 0.053125
2 0.76015625 0.27109375 0.025 0.04296875
2 0.80234375 0.28515625 0.0265625 0.04453125
2 0.78359375 0.26015625 0.01953125 0.0328125
2 0.8328125 0.29765625 0.02734375 0.04765625
2 0.903125 0.334375 0.04140625 0.065625
2 0.8890625 0.303125 0.03203125 0.0484375
2 0.9390625 0.31328125 0.0234375 0.05390625
2 0.96328125 0.34921875 0.02265625 0.0578125
2 0.9828125 0.3703125 0.03359375 0.05546875
2 0.865625 0.2703125 0.021875 0.06015625
2 0.834375 0.2515625 0.01796875 0.04296875