2 0.76796875 0.6984375 0.03671875 0.06171875
2 0.65234375 0.7265625 0.04453125 0.08515625
2 0.62109375 0.69296875 0.0296875 0.05546875
2 0.5015625 0.94375 0.05390625 0.09140625
2 0.34921875 0.8046875 0.08515625 0.07109375
2 0.0796875 0.77734375 0.06171875 0.0859375
2 0.78359375 0.390625 0.01640625 0.046875
2 0.82265625 0.45390625 0.01328125 0.05546875
2 0.80859375 0.51484375 0.0203125 0.06484375
2 0.83671875 0.5046875 0.01015625 0.06328125
2 0.74140625 0.59140625 0.0296875 0.07578125
2 0.7109375 0.628125 0.0171875 0.04921875
2 0.69375 0.67421875 0.02421875 0.0609375
2 0.5578125 0.378125 0.01953125 0.053125
2 0.53125 0.36796875 0.02421875 0.04375
2 0.4921875 0.41484375 0.01171875 0.04140625
2 0.3125 0.58046875 0.03515625 0.06015625