2 0.53671875 0.86953125 0.034375 0.090625
2 0.53125 0.73515625 0.04375 0.08125
2 0.48984375 0.70078125 0.040625 0.078125
2 0.61015625 0.55 0.015625 0.071875
2 0.56875 0.478125 0.01875 0.05625
2 0.9703125 0.53671875 0.0453125 0.065625
2 0.9515625 0.503125 0.04375 0.0484375
2 0.92109375 0.49140625 0.0375 0.0375
2 0.25703125 0.76875 0.040625 0.13125
2 0.35703125 0.51796875 0.028125 0.059375
2 0.53984375 0.6109375 0.0359375 0.078125
2 0.3671875 0.4453125 0.015625 0.059375
2 0.55 0.371875 0.01875 0.05
2 0.2828125 0.5765625 0.109375 0.20625
2 0.35 0.27578125 0.04375 0.1015625