3 0.746875 0.51015625 0.10546875 0.17578125
2 0.671875 0.59296875 0.03125 0.075
2 0.70703125 0.6046875 0.02421875 0.06640625
2 0.48125 0.5875 0.01953125 0.075
2 0.45625 0.52265625 0.02265625 0.059375
2 0.13984375 0.66796875 0.03828125 0.08359375
2 0.1890625 0.65390625 0.03984375 0.07265625
2 0.23046875 0.63125 0.03515625 0.08671875
2 0.16484375 0.4921875 0.03125 0.0609375
1 0.2171875 0.39609375 0.07421875 0.11640625
1 0.54609375 0.48203125 0.06953125 0.16015625
1 0.58984375 0.4140625 0.05703125 0.11796875
0 0.6359375 0.26953125 0.05859375 0.1203125
0 0.590625 0.2171875 0.0359375 0.09453125
2 0.19375 0.54921875 0.0234375 0.0484375
2 0.30234375 0.628125 0.03671875 0.0765625
2 0.2328125 0.56328125 0.0390625 0.05703125
2 0.22109375 0.51796875 0.03125 0.0546875
2 0.265625 0.521875 0.0234375 0.06484375
2 0.2890625 0.52578125 0.0203125 0.0625
2 0.325 0.52734375 0.025 0.0671875
2 0.45703125 0.45390625 0.03046875 0.0484375
2 0.62890625 0.51875 0.02265625 0.0546875
2 0.66015625 0.5375 0.028125 0.071875
2 0.66328125 0.48515625 0.028125 0.04453125
1 0.5640625 0.3125 0.0578125 0.08359375
0 0.52890625 0.2375 0.03828125 0.09921875