2 0.46328125 0.86953125 0.034375 0.090625
2 0.46875 0.73515625 0.0453125 0.08125
2 0.51015625 0.70078125 0.03984375 0.078125
2 0.38984375 0.55 0.015625 0.07109375
2 0.43125 0.478125 0.01875 0.05546875
2 0.0296875 0.53671875 0.0453125 0.065625
2 0.0484375 0.503125 0.04296875 0.0484375
2 0.07890625 0.49140625 0.03828125 0.03671875
2 0.74296875 0.76875 0.03984375 0.13046875
2 0.64296875 0.51796875 0.02734375 0.05859375
2 0.46015625 0.6109375 0.03671875 0.0765625
2 0.6328125 0.4453125 0.015625 0.05859375
2 0.45 0.371875 0.0171875 0.0484375
2 0.7171875 0.5765625 0.1109375 0.20703125
2 0.65 0.27578125 0.04375 0.10234375