2 0.74375 0.28984375 0.109375 0.034375
2 0.60625 0.29765625 0.084375 0.025
2 0.5359375 0.32109375 0.059375 0.028125
2 0.39375 0.41484375 0.065625 0.025
2 0.55078125 0.9890625 0.0390625 0.021875
2 0.52734375 0.984375 0.0515625 0.025
2 0.5125 0.97265625 0.04375 0.025
2 0.2890625 0.365625 0.0375 0.0125
2 0.29375 0.35078125 0.03125 0.009375
2 0.29296875 0.32421875 0.0328125 0.0109375
2 0.29453125 0.38671875 0.046875 0.015625
2 0.29609375 0.4171875 0.0296875 0.015625
2 0.28984375 0.4375 0.0234375 0.01875