2 0.71015625 0.74375 0.034375 0.10859375
2 0.70234375 0.60625 0.02578125 0.084375
2 0.67890625 0.5359375 0.028125 0.0609375
2 0.58515625 0.39375 0.025 0.06484375
2 0.0109375 0.55078125 0.02109375 0.0390625
2 0.015625 0.52734375 0.025 0.0515625
2 0.02734375 0.5125 0.025 0.0421875
2 0.634375 0.2890625 0.0125 0.03671875
2 0.64921875 0.29375 0.009375 0.0328125
2 0.67578125 0.29296875 0.01015625 0.03359375
2 0.61328125 0.29453125 0.015625 0.04609375
2 0.5828125 0.29609375 0.015625 0.0296875
2 0.5625 0.28984375 0.01875 0.02265625