2 0.46015625 0.903125 0.109375 0.04375
2 0.4875 0.79453125 0.1 0.053125
2 0.28671875 0.8921875 0.0859375 0.03125
2 0.2296875 0.8421875 0.065625 0.028125
2 0.18828125 0.4921875 0.046875 0.034375
2 0.1921875 0.53359375 0.059375 0.0328125
2 0.5359375 0.24453125 0.115625 0.0796875
2 0.3390625 0.41484375 0.084375 0.05
2 0.31640625 0.3640625 0.0703125 0.046875
2 0.41640625 0.29375 0.103125 0.06875
2 0.3546875 0.16484375 0.0625 0.0515625
2 0.321875 0.1046875 0.06875 0.03125
2 0.35546875 0.06015625 0.0828125 0.05
2 0.30546875 0.2140625 0.0828125 0.05625
2 0.203125 0.2296875 0.05 0.053125
2 0.26640625 0.428125 0.0375 0.05
2 0.12265625 0.578125 0.0484375 0.03125
2 0.15703125 0.88984375 0.05625 0.03125
2 0.153125 0.4609375 0.04375 0.034375
2 0.1046875 0.49375 0.03125 0.0375
2 0.0875 0.521875 0.05625 0.028125
2 0.20859375 0.3953125 0.0796875 0.028125