2 0.54296875 0.41796875 0.0671875 0.0265625
2 0.57578125 0.55390625 0.046875 0.0390625
2 0.4984375 0.67265625 0.0625 0.05
2 0.56796875 0.8515625 0.0515625 0.059375
2 0.3375 0.84453125 0.125 0.0671875
2 0.21484375 0.396875 0.1203125 0.046875
2 0.053125 0.2734375 0.10625 0.04375
2 0.12890625 0.2125 0.1171875 0.040625
2 0.115625 0.16953125 0.096875 0.01875
2 0.26171875 0.19921875 0.0546875 0.0359375
2 0.275 0.1390625 0.078125 0.0375
2 0.334375 0.1625 0.090625 0.015625
2 0.72890625 0.340625 0.0453125 0.0125
3 0.61484375 0.27265625 0.1171875 0.1078125
2 0.690625 0.253125 0.04375 0.01875
2 0.721875 0.184375 0.04375 0.01875
2 0.64453125 0.10546875 0.0578125 0.0328125
2 0.6046875 0.09453125 0.040625 0.01875
2 0.6046875 0.06484375 0.05625 0.0125
2 0.6859375 0.06796875 0.065625 0.0203125
2 0.84140625 0.1921875 0.0328125 0.028125
3 0.55625 0.49609375 0.1375 0.1140625
2 0.63203125 0.5171875 0.025 0.034375
3 0.353125 0.68125 0.2 0.14375