2 0.3 0.69765625 0.0625 0.0671875
2 0.44453125 0.74609375 0.0703125 0.0515625
2 0.1515625 0.71328125 0.096875 0.0390625
2 0.046875 0.6484375 0.09375 0.065625
2 0.35 0.25546875 0.1265625 0.1171875
2 0.78359375 0.3140625 0.0671875 0.09375
2 0.9453125 0.34140625 0.06875 0.0921875
2 0.90859375 0.39921875 0.0609375 0.0765625
2 0.78359375 0.13671875 0.1546875 0.146875
2 0.9625 0.240625 0.075 0.1
2 0.75859375 0.7828125 0.0171875 0.034375
2 0.803125 0.81171875 0.040625 0.0328125
2 0.52265625 0.82578125 0.0734375 0.0328125
2 0.26640625 0.7984375 0.1046875 0.025
2 0.16796875 0.77734375 0.04375 0.040625
2 0.078125 0.7484375 0.08125 0.028125