2 0.69375 0.29453125 0.08125 0.0359375
2 0.6 0.21796875 0.0609375 0.009375
2 0.5484375 0.26171875 0.0625 0.028125
2 0.9671875 0.75625 0.065625 0.053125
2 0.34921875 0.16640625 0.0484375 0.01875
2 0.39296875 0.184375 0.040625 0.025
2 0.46484375 0.1921875 0.0453125 0.025
2 0.46328125 0.225 0.0453125 0.01875
2 0.45546875 0.2578125 0.05 0.01875
2 0.503125 0.253125 0.03125 0.028125
2 0.39765625 0.21015625 0.03125 0.01875
2 0.4296875 0.209375 0.025 0.01875
2 0.42734375 0.23125 0.0265625 0.01875
2 0.39296875 0.2375 0.0359375 0.021875
2 0.3625 0.22109375 0.03125 0.0171875
3 0.584375 0.32734375 0.103125 0.075