2 0.39453125 0.48046875 0.078125 0.09375
2 0.20625 0.5265625 0.096875 0.08671875
2 0.053125 0.5328125 0.08984375 0.0765625
2 0.0625 0.3921875 0.05703125 0.07109375
2 0.13828125 0.40703125 0.07265625 0.0640625
2 0.165625 0.3625 0.0640625 0.0765625
2 0.21875 0.31171875 0.06796875 0.08125
2 0.0421875 0.31171875 0.03828125 0.04375
2 0.09296875 0.30390625 0.04140625 0.059375
2 0.13515625 0.296875 0.01171875 0.05390625
2 0.6421875 0.79765625 0.059375 0.1375
2 0.721875 0.63125 0.05078125 0.109375
2 0.81328125 0.46796875 0.03828125 0.08125
2 0.84453125 0.27890625 0.05859375 0.08671875
2 0.90546875 0.1890625 0.01875 0.07421875
2 0.35234375 0.27890625 0.065625 0.06953125
2 0.3984375 0.19609375 0.03828125 0.065625
2 0.4609375 0.14921875 0.05 0.059375
2 0.4890625 0.10703125 0.04140625 0.0609375
2 0.5265625 0.08125 0.02421875 0.059375