2 0.3 0.30234375 0.0625 0.06796875
2 0.44453125 0.25390625 0.07109375 0.05078125
2 0.1515625 0.28671875 0.0953125 0.03984375
2 0.046875 0.3515625 0.09375 0.06640625
2 0.35 0.74453125 0.1265625 0.11640625
2 0.78359375 0.6859375 0.06640625 0.09375
2 0.9453125 0.65859375 0.06953125 0.0921875
2 0.90859375 0.60078125 0.0609375 0.0765625
2 0.78359375 0.86328125 0.1546875 0.14609375
2 0.9625 0.759375 0.075 0.10078125
2 0.75859375 0.2171875 0.0171875 0.034375
2 0.803125 0.18828125 0.04140625 0.0328125
2 0.52265625 0.17421875 0.07421875 0.0328125
2 0.26640625 0.2015625 0.10390625 0.02578125
2 0.16796875 0.22265625 0.04296875 0.04140625
2 0.078125 0.2515625 0.0796875 0.028125