2 0.23203125 0.3015625 0.0359375 0.0625
2 0.34765625 0.2734375 0.0453125 0.084375
2 0.37890625 0.30703125 0.0296875 0.05625
2 0.4984375 0.05625 0.053125 0.090625
2 0.65078125 0.1953125 0.084375 0.071875
2 0.9203125 0.22265625 0.0625 0.0859375
2 0.21640625 0.609375 0.0171875 0.046875
2 0.17734375 0.54609375 0.0125 0.05625
2 0.19140625 0.48515625 0.0203125 0.0640625
2 0.16328125 0.4953125 0.0109375 0.0625
2 0.25859375 0.40859375 0.0296875 0.0765625
2 0.2890625 0.371875 0.015625 0.05
2 0.30625 0.32578125 0.025 0.0609375
2 0.4421875 0.621875 0.01875 0.053125
2 0.46875 0.63203125 0.025 0.04375
2 0.5078125 0.58515625 0.0125 0.0421875
2 0.6875 0.41953125 0.034375 0.0609375