2 0.0578125 0.7375 0.046875 0.10625
2 0.1453125 0.625 0.059375 0.0625
2 0.271875 0.60234375 0.0671875 0.0625
2 0.20390625 0.79765625 0.078125 0.11875
2 0.35625 0.66953125 0.0625 0.0703125
2 0.43046875 0.67578125 0.025 0.0796875
2 0.47578125 0.796875 0.0515625 0.1125
2 0.4890625 0.7046875 0.040625 0.0875
2 0.46640625 0.62109375 0.025 0.08125
2 0.48046875 0.459375 0.0421875 0.0625
2 0.71015625 0.8046875 0.0328125 0.1
2 0.8171875 0.8375 0.040625 0.15
2 0.9203125 0.7203125 0.05 0.0875
2 0.6984375 0.475 0.0375 0.0640625
2 0.65859375 0.415625 0.028125 0.0515625
3 0.6390625 0.54140625 0.09375 0.128125
2 0.753125 0.421875 0.025 0.053125
2 0.7109375 0.39140625 0.015625 0.0578125
2 0.55703125 0.36484375 0.0421875 0.028125
2 0.453125 0.38828125 0.01875 0.0359375
2 0.0234375 0.53203125 0.046875 0.0421875
2 0.09296875 0.48046875 0.0328125 0.0359375
2 0.053125 0.50703125 0.025 0.034375