2 0.30234375 0.7 0.0671875 0.0625
2 0.25390625 0.55546875 0.0515625 0.0703125
2 0.28671875 0.8484375 0.0390625 0.096875
2 0.3515625 0.953125 0.065625 0.09375
2 0.74453125 0.65 0.115625 0.1265625
2 0.6859375 0.21640625 0.09375 0.0671875
2 0.65859375 0.0546875 0.0921875 0.06875
2 0.60078125 0.09140625 0.0765625 0.0609375
2 0.86328125 0.21640625 0.1453125 0.1546875
2 0.759375 0.0375 0.1 0.075
2 0.2171875 0.24140625 0.034375 0.0171875
2 0.18828125 0.196875 0.0328125 0.040625
2 0.17421875 0.47734375 0.0328125 0.0734375
2 0.2015625 0.73359375 0.025 0.1046875
2 0.22265625 0.83203125 0.0421875 0.0421875
2 0.2515625 0.921875 0.028125 0.0796875