2 0.44140625 0.66171875 0.07421875 0.08515625
2 0.58828125 0.7078125 0.08515625 0.09765625
2 0.72421875 0.8046875 0.090625 0.0640625
2 0.78515625 0.88359375 0.1125 0.090625
2 0.8359375 0.778125 0.08359375 0.07421875
2 0.9609375 0.80390625 0.075 0.090625
2 0.2984375 0.33984375 0.04296875 0.0625
2 0.3171875 0.32421875 0.03515625 0.046875
2 0.365625 0.33203125 0.03828125 0.05546875
2 0.3890625 0.325 0.03984375 0.05078125
2 0.4125 0.3109375 0.03515625 0.04296875
2 0.2421875 0.425 0.0296875 0.05703125