2 0.29453125 0.69375 0.03515625 0.08125
2 0.21796875 0.6 0.01015625 0.0609375
2 0.26171875 0.5484375 0.028125 0.0625
2 0.75625 0.9671875 0.05234375 0.065625
2 0.16640625 0.34921875 0.01875 0.04921875
2 0.184375 0.39296875 0.0234375 0.040625
2 0.1921875 0.46484375 0.02578125 0.04609375
2 0.225 0.46328125 0.01796875 0.04609375
2 0.2578125 0.45546875 0.01796875 0.04921875
2 0.253125 0.503125 0.02890625 0.03203125
2 0.21015625 0.39765625 0.01953125 0.03046875
2 0.209375 0.4296875 0.0171875 0.02578125
2 0.23125 0.42734375 0.0171875 0.02734375
2 0.2375 0.39296875 0.021875 0.03671875
2 0.22109375 0.3625 0.01640625 0.03125
3 0.32734375 0.584375 0.075 0.10390625