2 0.5078125 0.75078125 0.103125 0.1265625
2 0.58984375 0.65546875 0.090625 0.0953125
2 0.66796875 0.7515625 0.065625 0.109375
2 0.6328125 0.946875 0.071875 0.10625
2 0.36484375 0.21875 0.0296875 0.05625
2 0.328125 0.22265625 0.01875 0.04375
2 0.29375 0.23359375 0.025 0.046875
2 0.27265625 0.253125 0.0265625 0.053125
2 0.23984375 0.27109375 0.025 0.0421875
2 0.19765625 0.28515625 0.0265625 0.0453125
2 0.21640625 0.26015625 0.0203125 0.0328125
2 0.1671875 0.29765625 0.028125 0.0484375
2 0.096875 0.334375 0.040625 0.065625
2 0.1109375 0.303125 0.03125 0.05
2 0.0609375 0.31328125 0.0234375 0.053125
2 0.03671875 0.34921875 0.0234375 0.0578125
2 0.0171875 0.3703125 0.034375 0.05625
2 0.134375 0.2703125 0.021875 0.059375
2 0.165625 0.2515625 0.01875 0.04375