2 0.76796875 0.3015625 0.0375 0.0625
2 0.65234375 0.2734375 0.04375 0.084375
2 0.62109375 0.30703125 0.0296875 0.0546875
2 0.5015625 0.05625 0.053125 0.090625
2 0.34921875 0.1953125 0.0859375 0.071875
2 0.0796875 0.22265625 0.0625 0.0859375
2 0.78359375 0.609375 0.0171875 0.046875
2 0.82265625 0.54609375 0.0140625 0.0546875
2 0.80859375 0.48515625 0.0203125 0.065625
2 0.83671875 0.4953125 0.009375 0.0625
2 0.74140625 0.40859375 0.0296875 0.0765625
2 0.7109375 0.371875 0.015625 0.05
2 0.69375 0.32578125 0.025 0.0609375
2 0.5578125 0.621875 0.01875 0.053125
2 0.53125 0.63203125 0.025 0.04375
2 0.4921875 0.58515625 0.0125 0.0421875
2 0.3125 0.41953125 0.034375 0.059375