2 0.75546875 0.190625 0.0953125 0.125
2 0.5609375 0.0671875 0.11875 0.121875
2 0.415625 0.1171875 0.10625 0.0875
2 0.59453125 0.346875 0.071875 0.090625
2 0.13671875 0.40390625 0.0390625 0.084375
2 0.2296875 0.59609375 0.059375 0.0765625
2 0.29765625 0.6546875 0.0328125 0.059375
2 0.3453125 0.65859375 0.03125 0.0453125
2 0.37421875 0.66328125 0.034375 0.059375
2 0.40078125 0.6734375 0.0328125 0.040625
2 0.43046875 0.68984375 0.0296875 0.0421875
2 0.97421875 0.3171875 0.0515625 0.059375
2 0.9109375 0.2109375 0.0875 0.0859375
2 0.83359375 0.42734375 0.0546875 0.0671875
2 0.89765625 0.44375 0.04375 0.075
2 0.7609375 0.46640625 0.0375 0.0765625