2 0.490625 0.6234375 0.06953125 0.10234375
2 0.25859375 0.66484375 0.09921875 0.09921875
2 0.6953125 0.55625 0.06953125 0.08125
2 0.60078125 0.28671875 0.02890625 0.0609375
2 0.44140625 0.2515625 0.02109375 0.05078125
2 0.47265625 0.2484375 0.01484375 0.05703125
2 0.5078125 0.253125 0.01328125 0.05546875
2 0.48984375 0.2390625 0.015625 0.04375
2 0.53203125 0.2390625 0.01328125 0.05234375
2 0.56328125 0.234375 0.025 0.05078125
2 0.42109375 0.2375 0.0125 0.0390625
2 0.359375 0.25859375 0.01875 0.04921875