2 0.22265625 0.703125 0.1875 0.071875
2 0.328125 0.2171875 0.175 0.0625
2 0.5921875 0.4890625 0.090625 0.065625
2 0.715625 0.621875 0.05625 0.04375
2 0.60859375 0.884375 0.0796875 0.059375
1 0.646875 0.38125 0.109375 0.15
2 0.72734375 0.3421875 0.0515625 0.034375
2 0.72578125 0.2890625 0.053125 0.0375
2 0.765625 0.32734375 0.05 0.0109375
2 0.77109375 0.3453125 0.0515625 0.0125
2 0.79609375 0.2640625 0.0328125 0.009375
2 0.78828125 0.3 0.0453125 0.0125
2 0.78515625 0.2390625 0.0484375 0.009375
2 0.78984375 0.2765625 0.0484375 0.0125
2 0.78046875 0.25234375 0.040625 0.0125
1 0.7109375 0.5171875 0.090625 0.096875
1 0.68359375 0.23125 0.1 0.125
1 0.77578125 0.7015625 0.059375 0.065625
1 0.81015625 0.61328125 0.0421875 0.0390625
1 0.7625 0.41796875 0.0625 0.06875
1 0.821875 0.503125 0.05 0.021875
2 0.828125 0.5359375 0.046875 0.0078125
1 0.81796875 0.32734375 0.05 0.0359375
2 0.809375 0.33125 0.028125 0.00625
2 0.80703125 0.3421875 0.0296875 0.015625
1 0.83515625 0.2953125 0.034375 0.028125
2 0.84375 0.31875 0.015625 0.00625
2 0.846875 0.325 0.01875 0.00625
2 0.8484375 0.33203125 0.021875 0.0078125
2 0.853125 0.3546875 0.025 0.00625
2 0.47578125 0.95 0.1125 0.08125