2 0.68671875 0.33359375 0.04765625 0.075
2 0.88359375 0.390625 0.05625 0.084375
2 0.8328125 0.35703125 0.05 0.071875
2 0.26015625 0.28203125 0.03671875 0.05625
2 0.21640625 0.259375 0.0359375 0.05
2 0.1390625 0.28515625 0.034375 0.05390625
1 0.0640625 0.346875 0.12734375 0.09296875
2 0.11328125 0.2984375 0.04140625 0.0609375
2 0.4703125 0.26015625 0.01953125 0.05546875
2 0.346875 0.209375 0.01328125 0.05078125
2 0.30390625 0.209375 0.01171875 0.04296875
2 0.28203125 0.2109375 0.0125 0.040625
2 0.26171875 0.21015625 0.01015625 0.03984375
2 0.46796875 0.21015625 0.01796875 0.040625
2 0.475 0.19765625 0.01171875 0.0421875
1 0.3359375 0.315625 0.10390625 0.08046875
1 0.784375 0.296875 0.11484375 0.08046875
1 0.7015625 0.225 0.065625 0.05546875
1 0.61484375 0.1921875 0.0390625 0.059375