2 0.728125 0.3125 0.184375 0.053125
2 0.953125 0.35 0.09375 0.071875
2 0.54375 0.83671875 0.125 0.059375
2 0.44375 0.2546875 0.103125 0.065625
2 0.37421875 0.25625 0.0921875 0.046875
2 0.39765625 0.1171875 0.0765625 0.05625
2 0.2828125 0.609375 0.053125 0.034375
2 0.23828125 0.553125 0.0453125 0.025
2 0.2390625 0.5953125 0.053125 0.025
1 0.29453125 0.66875 0.08125 0.096875
2 0.21484375 0.7078125 0.034375 0.00625
2 0.2203125 0.66484375 0.046875 0.0140625
2 0.23359375 0.696875 0.059375 0.01875
2 0.2328125 0.72578125 0.053125 0.015625
2 0.234375 0.74609375 0.053125 0.015625
2 0.24609375 0.76953125 0.053125 0.0140625
1 0.3125 0.9 0.075 0.121875
1 0.346875 0.4234375 0.10625 0.140625
1 0.23046875 0.3 0.053125 0.071875
1 0.18984375 0.3859375 0.059375 0.034375
1 0.209375 0.52578125 0.053125 0.0375
1 0.15234375 0.5046875 0.0328125 0.01875
2 0.221875 0.775 0.040625 0.0125
2 0.2125 0.75703125 0.034375 0.009375
2 0.196875 0.71171875 0.028125 0.00625
1 0.184375 0.67265625 0.05 0.0359375
1 0.1734375 0.703125 0.040625 0.028125
2 0.15859375 0.65859375 0.025 0.0078125