2 0.703125 0.77734375 0.071875 0.1875
2 0.2171875 0.671875 0.0625 0.175
2 0.4890625 0.4078125 0.065625 0.090625
2 0.621875 0.284375 0.04375 0.05625
2 0.884375 0.39140625 0.059375 0.08125
1 0.38125 0.353125 0.15 0.109375
2 0.3421875 0.27265625 0.034375 0.0515625
2 0.2890625 0.27421875 0.0375 0.0546875
2 0.32734375 0.234375 0.0109375 0.05
2 0.3453125 0.22890625 0.0125 0.0515625
2 0.2640625 0.20390625 0.009375 0.0328125
2 0.3 0.21171875 0.0125 0.0453125
2 0.2390625 0.21484375 0.009375 0.0484375
2 0.2765625 0.21015625 0.0125 0.0484375
2 0.25234375 0.21953125 0.0125 0.040625
1 0.5171875 0.2890625 0.096875 0.090625
1 0.23125 0.31640625 0.125 0.1
1 0.7015625 0.22421875 0.065625 0.059375
1 0.61328125 0.18984375 0.0390625 0.0421875
1 0.41796875 0.2375 0.06875 0.0625
1 0.503125 0.178125 0.021875 0.05
2 0.5359375 0.171875 0.0078125 0.046875
1 0.32734375 0.18203125 0.0359375 0.05
2 0.33125 0.190625 0.00625 0.028125
2 0.3421875 0.19296875 0.015625 0.0296875
1 0.2953125 0.16484375 0.028125 0.034375
2 0.31875 0.15625 0.00625 0.015625
2 0.325 0.153125 0.00625 0.01875
2 0.33203125 0.1515625 0.0078125 0.021875
2 0.3546875 0.146875 0.00625 0.0265625
2 0.95 0.52421875 0.08125 0.1125