2 0.646875 0.2109375 0.09375 0.03125
2 0.7453125 0.4234375 0.05625 0.01875
2 0.65625 0.53828125 0.084375 0.025
2 0.5640625 0.56875 0.109375 0.028125
2 0.52421875 0.6265625 0.115625 0.028125
2 0.1 0.3625 0.2 0.065625
2 0.6203125 0.09375 0.078125 0.04375
2 0.628125 0.01640625 0.065625 0.0328125
2 0.6 0.7484375 0.090625 0.0375
2 0.771875 0.2703125 0.05 0.01875
2 0.7859375 0.3046875 0.04375 0.01875
1 0.734375 0.55 0.078125 0.053125
2 0.80078125 0.5390625 0.0453125 0.009375
1 0.740625 0.21640625 0.0875 0.0734375
1 0.709375 0.87734375 0.075 0.1171875
1 0.78515625 0.703125 0.0546875 0.075
1 0.8203125 0.6171875 0.053125 0.040625
1 0.79375 0.50703125 0.05625 0.034375
1 0.69765625 0.0609375 0.1078125 0.121875
3 0.396875 0.37109375 0.353125 0.1796875
3 0.8328125 0.4578125 0.053125 0.01875
3 0.86953125 0.465625 0.0421875 0.0125
3 0.8765625 0.4859375 0.06875 0.021875
3 0.865625 0.5125 0.046875 0.0125
2 0.803125 0.2828125 0.03125 0.0125
1 0.83359375 0.29609375 0.0453125 0.0296875
2 0.765625 0.1890625 0.04375 0.015625
2 0.853125 0.35 0.03125 0.009375
2 0.82109375 0.36875 0.0328125 0.009375