2 0.0703125 0.26171875 0.140625 0.075
2 0.68515625 0.1515625 0.0625 0.0484375
2 0.59921875 0.115625 0.1046875 0.05
2 0.59453125 0.19921875 0.09375 0.034375
2 0.684375 0.30390625 0.0625 0.0484375
2 0.7359375 0.31953125 0.053125 0.0359375
2 0.54921875 0.4203125 0.103125 0.028125
2 0.43828125 0.41328125 0.1390625 0.0390625
2 0.71875 0.53671875 0.0625 0.0375
2 0.71484375 0.6390625 0.059375 0.021875
2 0.76015625 0.66015625 0.053125 0.0109375
2 0.759375 0.7671875 0.05625 0.01875
2 0.775 0.7296875 0.05 0.015625
2 0.77734375 0.45390625 0.046875 0.0140625
2 0.78359375 0.490625 0.04375 0.0078125
1 0.2546875 0.60390625 0.346875 0.1546875
1 0.55 0.67421875 0.165625 0.103125
1 0.66171875 0.9296875 0.1078125 0.125
1 0.703125 0.0890625 0.05625 0.059375
1 0.76796875 0.29609375 0.0546875 0.059375
1 0.803125 0.390625 0.065625 0.046875
2 0.815625 0.496875 0.0375 0.0125
2 0.82890625 0.4734375 0.0328125 0.009375
2 0.84765625 0.5359375 0.034375 0.009375
2 0.846875 0.484375 0.03125 0.00625
1 0.85859375 0.5140625 0.025 0.0125
0 0.88125 0.490625 0.046875 0.01875
3 0.8390625 0.653125 0.065625 0.03125