2 0.33359375 0.76015625 0.153125 0.05625
2 0.66015625 0.534375 0.0828125 0.028125
2 0.60078125 0.884375 0.090625 0.05625
2 0.684375 0.8515625 0.059375 0.04375
2 0.6828125 0.709375 0.059375 0.05
2 0.7328125 0.7125 0.05 0.05
2 0.74140625 0.51015625 0.0640625 0.0171875
2 0.77890625 0.53203125 0.046875 0.0125
2 0.78828125 0.48125 0.046875 0.0125
2 0.725 0.40078125 0.059375 0.0359375
2 0.73671875 0.33984375 0.0640625 0.015625
2 0.68515625 0.11015625 0.0703125 0.040625
2 0.6734375 0.0171875 0.078125 0.034375
2 0.790625 0.3625 0.04375 0.009375
1 0.22578125 0.41171875 0.3875 0.1578125
1 0.6203125 0.1703125 0.121875 0.115625
1 0.77265625 0.7015625 0.0484375 0.065625
1 0.703125 0.9015625 0.075 0.065625
1 0.8109375 0.615625 0.059375 0.034375
2 0.82578125 0.4609375 0.034375 0.009375
1 0.83828125 0.48125 0.03125 0.01875
2 0.8296875 0.3375 0.028125 0.009375
2 0.7953125 0.28203125 0.03125 0.0109375
2 0.8109375 0.521875 0.034375 0.009375
2 0.834375 0.50234375 0.034375 0.009375
2 0.853125 0.4953125 0.028125 0.0078125
1 0.871875 0.4875 0.021875 0.0125
0 0.871875 0.515625 0.05625 0.025