2 0.50078125 0.496875 0.1265625 0.03125
2 0.25390625 0.2171875 0.184375 0.065625
2 0.2171875 0.1515625 0.19375 0.059375
2 0.6125 0.8859375 0.0890625 0.0546875
2 0.7921875 0.3609375 0.046875 0.0125
2 0.78984375 0.34453125 0.0484375 0.0125
2 0.78671875 0.321875 0.0484375 0.009375
2 0.78828125 0.3046875 0.046875 0.0125
2 0.7921875 0.246875 0.046875 0.0125
2 0.790625 0.28046875 0.05 0.0140625
2 0.79140625 0.2578125 0.05 0.0125
1 0.70390625 0.43359375 0.090625 0.10625
1 0.725 0.646875 0.05625 0.090625
1 0.77265625 0.7046875 0.0546875 0.065625
1 0.8015625 0.6140625 0.05625 0.040625
1 0.68125 0.2078125 0.1 0.125
1 0.6265625 0.0453125 0.1125 0.090625
2 0.8015625 0.29375 0.034375 0.00625
1 0.81796875 0.3265625 0.05 0.0359375
1 0.82890625 0.296875 0.0390625 0.03125
2 0.846875 0.34296875 0.025 0.00625
2 0.8421875 0.496875 0.03125 0.0125
2 0.85078125 0.50625 0.0265625 0.009375
2 0.8703125 0.50078125 0.021875 0.00625
2 0.88515625 0.49453125 0.0265625 0.00625
2 0.88203125 0.5109375 0.025 0.00625