2 0.86484375 0.221875 0.2171875 0.09375
2 0.88046875 0.2890625 0.2296875 0.071875
2 0.634375 0.3171875 0.159375 0.04375
2 0.4375 0.6 0.115625 0.03125
2 0.340625 0.5234375 0.084375 0.025
2 0.30859375 0.628125 0.0671875 0.034375
2 0.28359375 0.621875 0.05625 0.025
1 0.3453125 0.7828125 0.09375 0.0828125
2 0.26875 0.8109375 0.071875 0.025
1 0.3375 0.8671875 0.109375 0.096875
2 0.2796875 0.8828125 0.04375 0.028125
2 0.38515625 0.11796875 0.0921875 0.05625
2 0.30234375 0.14921875 0.065625 0.0515625
2 0.275 0.2203125 0.065625 0.040625
2 0.28671875 0.2875 0.0734375 0.028125
2 0.29921875 0.321875 0.071875 0.04375
2 0.234375 0.41171875 0.05625 0.0234375
1 0.41015625 0.69296875 0.1328125 0.140625
1 0.55078125 0.4890625 0.2203125 0.096875
1 0.2171875 0.29453125 0.04375 0.0703125
1 0.1828125 0.38125 0.05625 0.034375
3 0.24453125 0.515625 0.0953125 0.034375
1 0.28515625 0.0859375 0.0578125 0.053125
2 0.171875 0.47734375 0.034375 0.009375
2 0.15 0.4859375 0.025 0.00625
2 0.13203125 0.5015625 0.028125 0.00625
2 0.12578125 0.4875 0.0296875 0.00625
2 0.134375 0.47734375 0.025 0.0078125