2 0.409375 0.49453125 0.0375 0.128125
2 0.1171875 0.60078125 0.05625 0.0828125
2 0.153125 0.68125 0.04375 0.071875
2 0.07265625 0.6640625 0.034375 0.053125
2 0.4953125 0.6609375 0.021875 0.08125
2 0.47421875 0.70546875 0.0125 0.05625
2 0.61953125 0.72578125 0.0296875 0.0578125
2 0.746875 0.75390625 0.021875 0.0640625
2 0.6578125 0.7828125 0.0125 0.0484375
1 0.5234375 0.7421875 0.040625 0.0625
2 0.4890625 0.74765625 0.00625 0.0484375
2 0.4796875 0.73515625 0.009375 0.0484375
2 0.4984375 0.7765625 0.009375 0.04375
1 0.9921875 0.671875 0.015625 0.065625
2 0.9625 0.66796875 0.0375 0.0734375
0 0.46171875 0.79765625 0.05 0.1125
1 0.6640625 0.3203125 0.146875 0.346875
1 0.296875 0.76171875 0.065625 0.05625
1 0.384375 0.80390625 0.040625 0.053125
2 0.5484375 0.81015625 0.009375 0.0328125
2 0.5390625 0.82578125 0.009375 0.0265625
1 0.5140625 0.8171875 0.021875 0.040625
1 0.09375 0.69609375 0.0625 0.0578125
2 0.5453125 0.8421875 0.00625 0.021875
2 0.7078125 0.80546875 0.009375 0.0421875
2 0.6625 0.82734375 0.00625 0.0296875
1 0.9921875 0.7203125 0.015625 0.040625