2 0.2390625 0.321875 0.059375 0.175
2 0.1546875 0.3984375 0.0609375 0.1359375
2 0.2125 0.48515625 0.059375 0.1078125
2 0.05 0.3890625 0.096875 0.13125
2 0.19375 0.590625 0.040625 0.1015625
2 0.5640625 0.58203125 0.028125 0.1046875
2 0.55 0.678125 0.021875 0.06875
2 0.51796875 0.7125 0.025 0.0875
2 0.44609375 0.7578125 0.01875 0.078125
2 0.728125 0.68828125 0.053125 0.059375
2 0.8859375 0.61640625 0.059375 0.0859375
2 0.78671875 0.73828125 0.034375 0.0546875
2 0.7984375 0.7234375 0.0375 0.05625
2 0.4765625 0.77734375 0.0109375 0.046875
2 0.52265625 0.76640625 0.0140625 0.046875
2 0.26328125 0.7609375 0.01875 0.0578125
2 0.23046875 0.75859375 0.0203125 0.0609375
2 0.21015625 0.7609375 0.0171875 0.065625
2 0.10390625 0.753125 0.0390625 0.059375
2 0.02421875 0.68671875 0.0328125 0.065625
2 0.1140625 0.68515625 0.0359375 0.078125
2 0.22734375 0.67890625 0.0265625 0.08125
2 0.4796875 0.81953125 0.009375 0.03125
2 0.478125 0.84140625 0.009375 0.025
1 0.509375 0.834375 0.021875 0.0375
1 0.2921875 0.83359375 0.0375 0.0359375
1 0.703125 0.784375 0.06875 0.046875
1 0.87421875 0.703125 0.1265625 0.06875
1 0.615625 0.8140625 0.0375 0.059375
2 0.3359375 0.83828125 0.009375 0.0328125
1 0.503125 0.8765625 0.0140625 0.03125