2 0.53671875 0.6125 0.121875 0.03125
2 0.5296875 0.4390625 0.128125 0.034375
2 0.46328125 0.23359375 0.13125 0.0515625
2 0.49765625 0.17578125 0.115625 0.0390625
2 0.596875 0.2484375 0.090625 0.040625
2 0.69375 0.4640625 0.075 0.025
2 0.71953125 0.1921875 0.071875 0.021875
2 0.715625 0.21796875 0.0765625 0.025
2 0.70703125 0.1515625 0.078125 0.025
2 0.69453125 0.1125 0.071875 0.03125
2 0.69296875 0.728125 0.0640625 0.046875
2 0.7234375 0.7984375 0.05625 0.0421875
2 0.6171875 0.8859375 0.084375 0.059375
1 0.70390625 0.515625 0.0953125 0.05625
2 0.78828125 0.54140625 0.0484375 0.0109375
2 0.76171875 0.42109375 0.0546875 0.0109375
2 0.75546875 0.440625 0.0546875 0.0125
2 0.7515625 0.46953125 0.053125 0.0109375
2 0.7734375 0.45625 0.046875 0.0125
2 0.790625 0.44765625 0.025 0.0078125
2 0.78984375 0.47421875 0.0453125 0.0109375
2 0.78125 0.290625 0.040625 0.015625
2 0.78984375 0.2703125 0.046875 0.015625
2 0.77265625 0.17890625 0.0515625 0.0296875
2 0.8125 0.4546875 0.021875 0.00625
2 0.82265625 0.4625 0.0296875 0.00625
3 0.828125 0.4953125 0.0625 0.028125
1 0.7796875 0.7 0.059375 0.0734375
1 0.7015625 0.8765625 0.071875 0.125
1 0.81328125 0.6140625 0.0625 0.0375
2 0.79765625 0.3140625 0.0265625 0.009375
2 0.83125 0.4390625 0.025 0.00625
2 0.821875 0.53125 0.028125 0.00625
1 0.83515625 0.29453125 0.0421875 0.03125
2 0.81796875 0.3015625 0.028125 0.0109375
2 0.82109375 0.321875 0.0328125 0.009375
2 0.834375 0.334375 0.028125 0.009375
2 0.846875 0.3515625 0.021875 0.00625
2 0.865625 0.36640625 0.021875 0.00625
1 0.89140625 0.48828125 0.021875 0.0109375
1 0.8875 0.5078125 0.025 0.009375
2 0.87578125 0.5140625 0.0203125 0.00625