2 0.5875 0.96796875 0.06484375 0.0640625
2 0.73125 0.31015625 0.05 0.0625
2 0.8859375 0.38359375 0.05546875 0.09453125
2 0.79921875 0.2765625 0.04140625 0.0609375
2 0.55234375 0.24375 0.01640625 0.05390625
2 0.45703125 0.2484375 0.01640625 0.05703125
2 0.2359375 0.3984375 0.02890625 0.0984375
2 0.1515625 0.4171875 0.03359375 0.09140625
2 0.1328125 0.30703125 0.0359375 0.06953125
2 0.178125 0.31171875 0.02890625 0.084375
2 0.20546875 0.2734375 0.021875 0.0671875
2 0.2265625 0.2453125 0.021875 0.05546875
2 0.2578125 0.22578125 0.02109375 0.05
2 0.1921875 0.22578125 0.0234375 0.05703125
2 0.21328125 0.33203125 0.0234375 0.07734375
2 0.47109375 0.190625 0.009375 0.04296875
2 0.453125 0.18046875 0.00859375 0.0375
2 0.44453125 0.171875 0.00703125 0.034375
1 0.596875 0.478125 0.10859375 0.20390625
1 0.878125 0.29140625 0.1234375 0.06953125
1 0.50703125 0.20078125 0.0296875 0.0625
1 0.70234375 0.2171875 0.06875 0.0515625
1 0.6140625 0.1859375 0.03515625 0.053125
2 0.4765625 0.178125 0.00859375 0.03359375
3 0.4921875 0.140625 0.021875 0.0484375
2 0.525 0.159375 0.00625 0.03359375
2 0.46875 0.1640625 0.00703125 0.03046875
2 0.4515625 0.140625 0.0078125 0.028125
2 0.4625 0.14765625 0.00703125 0.034375
2 0.4671875 0.134375 0.00859375 0.025
2 0.51796875 0.1375 0.0046875 0.025