2 0.75703125 0.290625 0.0453125 0.06640625
2 0.75390625 0.8953125 0.10625 0.209375
2 0.21875 0.7234375 0.06796875 0.1859375
2 0.35234375 0.42421875 0.06875 0.10390625
2 0.01328125 0.48046875 0.0265625 0.08359375
2 0.2109375 0.303125 0.03984375 0.075
2 0.884375 0.39140625 0.0515625 0.08359375
1 0.51171875 0.19296875 0.028125 0.0359375
2 0.540625 0.203125 0.01328125 0.046875
1 0.296875 0.36328125 0.159375 0.109375
1 0.2828125 0.29609375 0.11953125 0.0640625
2 0.32734375 0.234375 0.01171875 0.04921875
2 0.30546875 0.2078125 0.01015625 0.046875
2 0.2828125 0.21015625 0.0140625 0.04765625
2 0.24375 0.21328125 0.01015625 0.04453125
2 0.2578125 0.209375 0.00859375 0.04375
1 0.37890625 0.259375 0.0859375 0.0765625
1 0.6171875 0.2921875 0.10234375 0.084375
1 0.70234375 0.221875 0.0703125 0.05
1 0.61484375 0.1890625 0.0375 0.05
1 0.3234375 0.1796875 0.0296875 0.04296875