2 0.965625 0.2140625 0.06875 0.0875
2 0.9390625 0.0859375 0.121875 0.125
2 0.671875 0.1734375 0.16875 0.059375
2 0.4796875 0.18359375 0.121875 0.0390625
2 0.43828125 0.0875 0.1125 0.053125
2 0.353125 0.2265625 0.1 0.021875
2 0.365625 0.24765625 0.0625 0.0296875
2 0.4328125 0.2546875 0.096875 0.021875
2 0.4734375 0.2828125 0.103125 0.034375
2 0.6609375 0.415625 0.159375 0.05
2 0.32421875 0.525 0.0734375 0.015625
2 0.2546875 0.51171875 0.059375 0.0140625
2 0.25234375 0.48125 0.0609375 0.0125
2 0.20390625 0.4703125 0.0453125 0.009375
2 0.21015625 0.49296875 0.0515625 0.0140625
2 0.20390625 0.515625 0.0484375 0.009375
2 0.2140625 0.53125 0.053125 0.0109375
2 0.1953125 0.54765625 0.05 0.0140625
2 0.16015625 0.48515625 0.0296875 0.0046875
2 0.1640625 0.5046875 0.03125 0.009375
0 0.1828125 0.4328125 0.128125 0.059375
1 0.4734375 0.39140625 0.246875 0.128125
1 0.7015625 0.665625 0.35 0.153125
1 0.24765625 0.234375 0.0734375 0.05625
1 0.1859375 0.28671875 0.053125 0.0453125
1 0.178125 0.6203125 0.05 0.040625
1 0.28671875 0.87734375 0.0671875 0.1203125
1 0.2140625 0.7 0.053125 0.075
1 0.14921875 0.2953125 0.0328125 0.025
2 0.15859375 0.315625 0.028125 0.009375
1 0.1625 0.3421875 0.034375 0.025
1 0.34921875 0.0921875 0.1234375 0.11875
2 0.1359375 0.4859375 0.021875 0.00625
2 0.11953125 0.48125 0.025 0.00625
2 0.13046875 0.496875 0.028125 0.00625
2 0.14140625 0.50546875 0.021875 0.0078125
2 0.14375 0.5171875 0.03125 0.009375
1 0.134375 0.3375 0.040625 0.025
1 0.12890625 0.3703125 0.0296875 0.01875
2 0.121875 0.50703125 0.025 0.0046875
2 0.12421875 0.5171875 0.0234375 0.00625