2 0.39453125 0.6765625 0.0609375 0.171875
2 0.30625 0.684375 0.0671875 0.17109375
2 0.18125 0.628125 0.07265625 0.14609375
2 0.1109375 0.515625 0.06484375 0.11796875
2 0.67890625 0.321875 0.04375 0.0734375
2 0.8875 0.4015625 0.0546875 0.078125
2 0.92265625 0.33515625 0.04609375 0.0734375
2 0.85078125 0.325 0.04765625 0.071875
2 0.7796875 0.30234375 0.0421875 0.06484375
2 0.60625 0.25703125 0.0234375 0.05546875
2 0.53984375 0.24609375 0.01875 0.05546875
2 0.3734375 0.3328125 0.03515625 0.07109375
2 0.3796875 0.296875 0.02109375 0.05546875
2 0.51171875 0.21328125 0.0140625 0.03359375
3 0.5265625 0.584375 0.0921875 0.24609375
1 0.3984375 0.496875 0.12578125 0.16640625
1 0.265625 0.403125 0.09140625 0.1125
1 0.1234375 0.34453125 0.11875 0.10859375
1 0.2703125 0.24140625 0.046875 0.0609375
1 0.70546875 0.23671875 0.065625 0.0515625
1 0.9046875 0.30703125 0.05859375 0.0640625
1 0.61796875 0.20546875 0.0390625 0.0609375
2 0.5171875 0.18671875 0.00546875 0.040625
2 0.525 0.196875 0.0078125 0.034375
2 0.53125 0.178125 0.00703125 0.0375
2 0.540625 0.20390625 0.0109375 0.0359375
2 0.3296875 0.190625 0.0109375 0.04140625