2 0.353125 0.93203125 0.078125 0.1359375
2 0.2171875 0.75234375 0.0625 0.190625
2 0.284375 0.4546875 0.075 0.1125
2 0.8828125 0.390625 0.059375 0.096875
2 0.34609375 0.2125 0.0140625 0.04375
2 0.30546875 0.21328125 0.0125 0.04375
2 0.2828125 0.2109375 0.0125 0.04375
2 0.26015625 0.2140625 0.0109375 0.04375
2 0.47421875 0.20078125 0.0140625 0.040625
2 0.51875 0.1859375 0.009375 0.0375
1 0.1296875 0.334375 0.1375 0.08125
1 0.15078125 0.29375 0.08125 0.034375
1 0.56484375 0.3046875 0.10625 0.078125
1 0.7890625 0.2828125 0.1125 0.059375
1 0.7 0.2265625 0.06875 0.046875
1 0.6140625 0.19765625 0.040625 0.0515625
1 0.32578125 0.1859375 0.0265625 0.053125