2 0.875 0.16171875 0.128125 0.215625
2 0.759375 0.26953125 0.06875 0.1953125
2 0.715625 0.46328125 0.05 0.1484375
2 0.60390625 0.54453125 0.0640625 0.1203125
2 0.5078125 0.51484375 0.034375 0.1296875
2 0.39140625 0.3546875 0.05 0.1625
2 0.53046875 0.62890625 0.03125 0.090625
2 0.625 0.7203125 0.040625 0.06875
2 0.8015625 0.74296875 0.028125 0.0765625
2 0.77421875 0.73515625 0.04375 0.065625
2 0.85 0.74140625 0.046875 0.0671875
2 0.75625 0.81875 0.0125 0.03125
2 0.73671875 0.825 0.0125 0.04375
2 0.98125 0.71328125 0.0375 0.0609375
1 0.6828125 0.74921875 0.09375 0.0796875
1 0.5515625 0.78515625 0.059375 0.0703125
1 0.3 0.80546875 0.06875 0.053125
1 0.38671875 0.83515625 0.0390625 0.053125
1 0.4875 0.81875 0.0375 0.05
2 0.7234375 0.83125 0.0125 0.034375
1 0.69765625 0.83515625 0.0359375 0.0640625
1 0.6734375 0.8515625 0.028125 0.0375
1 0.65546875 0.8640625 0.0265625 0.028125
1 0.709375 0.86171875 0.025 0.0375
2 0.5078125 0.90390625 0.00625 0.021875
2 0.490625 0.9 0.00625 0.01875
2 0.52890625 0.9203125 0.0046875 0.01875