2 0.96796875 0.4125 0.0640625 0.065625
2 0.31015625 0.26875 0.0625 0.05
2 0.38359375 0.1140625 0.0953125 0.05625
2 0.2765625 0.20078125 0.059375 0.0421875
2 0.24375 0.44765625 0.053125 0.0171875
2 0.2484375 0.54296875 0.05625 0.0171875
2 0.3984375 0.7640625 0.096875 0.028125
2 0.4171875 0.8484375 0.090625 0.034375
2 0.30703125 0.8671875 0.0703125 0.0359375
2 0.31171875 0.821875 0.084375 0.028125
2 0.2734375 0.79453125 0.065625 0.021875
2 0.2453125 0.7734375 0.05625 0.021875
2 0.22578125 0.7421875 0.05 0.021875
2 0.22578125 0.8078125 0.0578125 0.0234375
2 0.33203125 0.78671875 0.0765625 0.0234375
2 0.190625 0.52890625 0.04375 0.009375
2 0.18046875 0.546875 0.0375 0.009375
2 0.171875 0.55546875 0.034375 0.00625
1 0.478125 0.403125 0.203125 0.109375
1 0.29140625 0.121875 0.06875 0.1234375
1 0.20078125 0.49296875 0.0625 0.0296875
1 0.2171875 0.29765625 0.053125 0.06875
1 0.1859375 0.3859375 0.053125 0.034375
2 0.178125 0.5234375 0.034375 0.009375
3 0.140625 0.5078125 0.05 0.021875
2 0.159375 0.475 0.034375 0.00625
2 0.1640625 0.53125 0.03125 0.00625
2 0.140625 0.5484375 0.028125 0.009375
2 0.14765625 0.5375 0.034375 0.00625
2 0.134375 0.5328125 0.025 0.009375
2 0.1375 0.48203125 0.025 0.0046875