2 0.3984375 0.4234375 0.165625 0.040625
2 0.340625 0.371875 0.165625 0.040625
2 0.228125 0.2921875 0.178125 0.071875
2 0.096875 0.365625 0.19375 0.0625
2 0.615625 0.834375 0.078125 0.065625
2 0.69140625 0.771875 0.0703125 0.05
2 0.75 0.52109375 0.046875 0.015625
2 0.7421875 0.5578125 0.059375 0.01875
2 0.78125 0.5109375 0.04375 0.0125
2 0.784375 0.346875 0.05625 0.0140625
2 0.671875 0.2078125 0.08125 0.03125
2 0.70546875 0.0859375 0.0703125 0.015625
1 0.66875 0.140625 0.11875 0.090625
2 0.69375 0.09921875 0.0625 0.0171875
2 0.73828125 0.2125 0.0515625 0.025
2 0.74296875 0.17890625 0.04375 0.0203125
2 0.821875 0.446875 0.04375 0.009375
3 0.43671875 0.528125 0.340625 0.115625
3 0.50625 0.290625 0.2375 0.19375
1 0.428125 0.65234375 0.2 0.1109375
1 0.7046875 0.8828125 0.06875 0.13125
1 0.78359375 0.703125 0.0453125 0.075
1 0.809375 0.6140625 0.05 0.040625
1 0.809375 0.525 0.046875 0.034375
1 0.834375 0.4921875 0.046875 0.025
1 0.83515625 0.29375 0.0421875 0.03125
2 0.81640625 0.3 0.0328125 0.0125
2 0.8453125 0.3546875 0.028125 0.00625
3 0.86015625 0.4625 0.0375 0.0125
3 0.88671875 0.4671875 0.0234375 0.009375
3 0.88984375 0.4859375 0.0578125 0.021875
3 0.87890625 0.5109375 0.0328125 0.009375
2 0.84296875 0.528125 0.028125 0.009375