2 0.6890625 0.728125 0.05625 0.178125
2 0.1953125 0.60390625 0.0671875 0.153125
2 0.621875 0.39296875 0.05390625 0.0890625
2 0.8609375 0.484375 0.08046875 0.12109375
2 0.884375 0.3890625 0.05859375 0.084375
1 0.4796875 0.35546875 0.1359375 0.0890625
2 0.5046875 0.28359375 0.0390625 0.0578125
2 0.3515625 0.25546875 0.03203125 0.06640625
2 0.29140625 0.2234375 0.015625 0.04765625
2 0.2640625 0.21796875 0.01796875 0.0484375
2 0.240625 0.23125 0.01640625 0.053125
2 0.2375 0.2015625 0.01484375 0.0359375
2 0.253125 0.203125 0.01171875 0.04453125
2 0.2796875 0.2 0.01015625 0.04453125
2 0.29609375 0.19921875 0.0125 0.0375
2 0.32109375 0.2109375 0.01328125 0.04140625
1 0.4203125 0.2890625 0.09296875 0.078125
1 0.1671875 0.31875 0.1234375 0.08203125
1 0.45234375 0.21953125 0.0484375 0.046875
1 0.70625 0.225 0.07734375 0.05546875
1 0.6234375 0.18984375 0.0296875 0.065625
1 0.5 0.16640625 0.01640625 0.04140625
2 0.525 0.15078125 0.00859375 0.034375
1 0.328125 0.18359375 0.03671875 0.046875
2 0.34375 0.209375 0.015625 0.04140625
1 0.296875 0.16796875 0.0296875 0.0359375
2 0.3484375 0.1515625 0.0078125 0.028125