2 0.24453125 0.5578125 0.2 0.05
2 0.0234375 0.63359375 0.046875 0.0734375
2 0.3546875 0.36953125 0.146875 0.0484375
2 0.4890625 0.20625 0.096875 0.046875
2 0.59140625 0.24921875 0.0890625 0.05
2 0.60859375 0.0453125 0.075 0.040625
2 0.40703125 0.0375 0.1046875 0.075
2 0.56796875 0.38203125 0.1078125 0.03125
2 0.63125 0.42734375 0.09375 0.03125
2 0.59609375 0.8859375 0.0796875 0.05625
2 0.68203125 0.85078125 0.0625 0.0515625
2 0.4859375 0.5484375 0.121875 0.034375
2 0.72265625 0.38515625 0.0609375 0.0296875
2 0.76796875 0.31015625 0.0640625 0.0171875
2 0.665625 0.021875 0.065625 0.0375
2 0.78515625 0.45234375 0.0421875 0.0109375
2 0.7984375 0.475 0.034375 0.0125
0 0.49296875 0.659375 0.4828125 0.2125
1 0.415625 0.46875 0.2140625 0.0921875
1 0.66953125 0.2296875 0.078125 0.096875
1 0.7484375 0.1875 0.084375 0.078125
1 0.7640625 0.70078125 0.046875 0.075
1 0.6984375 0.9 0.084375 0.065625
1 0.7921875 0.6171875 0.059375 0.04375
1 0.69375 0.4828125 0.084375 0.04375
2 0.81875 0.4828125 0.028125 0.009375
2 0.834375 0.509375 0.025 0.00625
2 0.81484375 0.5359375 0.03125 0.0078125
2 0.85703125 0.4796875 0.025 0.00625
2 0.846875 0.4890625 0.025 0.00625
2 0.86953125 0.4671875 0.025 0.00625
1 0.8578125 0.509375 0.021875 0.0125
2 0.846875 0.51875 0.025 0.00625
2 0.84296875 0.5296875 0.025 0.00625
2 0.8765625 0.475 0.021875 0.00625
2 0.878125 0.4921875 0.021875 0.00625