2 0.0640625 0.2828125 0.0375 0.071875
2 0.040625 0.3125 0.03671875 0.071875
2 0.01015625 0.31875 0.01953125 0.04453125
2 0.01640625 0.41328125 0.0328125 0.0828125
2 0.140625 0.44296875 0.0484375 0.08125
2 0.15703125 0.53046875 0.04765625 0.115625
2 0.8265625 0.43515625 0.0515625 0.1046875
1 0.26015625 0.32421875 0.125 0.12109375
2 0.27265625 0.2296875 0.01875 0.05625
2 0.41171875 0.2640625 0.01328125 0.0578125
2 0.434375 0.2046875 0.01328125 0.04921875
3 0.49375 0.32109375 0.09921875 0.325
2 0.4453125 0.1671875 0.0109375 0.03984375
2 0.54453125 0.20078125 0.00859375 0.04296875
1 0.8734375 0.2890625 0.121875 0.071875
1 0.7046875 0.203125 0.0703125 0.04296875
1 0.61796875 0.17578125 0.0390625 0.04296875
1 0.234375 0.23671875 0.05234375 0.0625
1 0.1671875 0.24921875 0.07734375 0.10703125
1 0.3234375 0.171875 0.0390625 0.05703125
1 0.29140625 0.159375 0.028125 0.04453125
2 0.31875 0.1390625 0.01171875 0.01953125
2 0.3515625 0.1359375 0.01015625 0.03359375
2 0.459375 0.146875 0.009375 0.03203125
2 0.471875 0.1515625 0.00859375 0.03359375
2 0.46875 0.11875 0.00625 0.0234375
2 0.490625 0.1265625 0.00625 0.025
0 0.4671875 0.08828125 0.01796875 0.0484375
2 0.484375 0.10859375 0.00546875 0.021875
2 0.49765625 0.109375 0.0078125 0.0234375