2 0.83203125 0.665625 0.2109375 0.0625
2 0.75390625 0.603125 0.203125 0.046875
2 0.45859375 0.9046875 0.125 0.0609375
2 0.36015625 0.97734375 0.0703125 0.0453125
2 0.32890625 0.42109375 0.075 0.0234375
2 0.31953125 0.4625 0.075 0.021875
2 0.26953125 0.4796875 0.0640625 0.01875
2 0.38046875 0.2265625 0.084375 0.05625
1 0.28984375 0.809375 0.0921875 0.078125
2 0.26875 0.84609375 0.05625 0.015625
2 0.2546875 0.73203125 0.059375 0.0171875
2 0.2453125 0.7515625 0.053125 0.021875
2 0.22578125 0.76796875 0.0421875 0.0171875
2 0.21015625 0.5609375 0.05 0.0125
2 0.1984375 0.64453125 0.046875 0.0109375
1 0.29453125 0.1203125 0.0671875 0.121875
2 0.3140625 0.1453125 0.065625 0.05
3 0.534375 0.6703125 0.284375 0.171875
1 0.2171875 0.2984375 0.046875 0.065625
1 0.184375 0.38671875 0.05 0.0328125
1 0.21796875 0.46640625 0.0671875 0.034375
1 0.1796875 0.50234375 0.053125 0.0265625
1 0.1640625 0.7046875 0.040625 0.03125
1 0.86953125 0.234375 0.2609375 0.215625
3 0.7921875 0.43828125 0.415625 0.203125