2 0.63984375 0.515625 0.084375 0.021875
2 0.5703125 0.44453125 0.103125 0.0296875
2 0.446875 0.353125 0.125 0.0375
2 0.26328125 0.26953125 0.18125 0.0578125
2 0.46640625 0.4328125 0.1078125 0.034375
2 0.365625 0.42578125 0.15 0.04375
2 0.478125 0.578125 0.128125 0.034375
2 0.42421875 0.65 0.15625 0.04375
2 0.56328125 0.659375 0.1078125 0.0375
2 0.6515625 0.60703125 0.090625 0.025
2 0.6796875 0.54765625 0.078125 0.021875
2 0.696875 0.4171875 0.0625 0.04375
2 0.065625 0.30078125 0.13125 0.1328125
2 0.60234375 0.1171875 0.0875 0.053125
2 0.5421875 0.9671875 0.109375 0.059375
2 0.60625 0.92265625 0.1 0.040625
2 0.6390625 0.95 0.0875 0.03125
2 0.69296875 0.94453125 0.0484375 0.0359375
2 0.74140625 0.9109375 0.053125 0.0421875
2 0.640625 0.809375 0.084375 0.034375
2 0.6625 0.86953125 0.08125 0.028125
2 0.69609375 0.8796875 0.0609375 0.0171875
2 0.63984375 0.8453125 0.08125 0.025
2 0.690625 0.83203125 0.059375 0.0265625
2 0.73125 0.8546875 0.05625 0.025
2 0.72578125 0.8203125 0.05 0.01875
2 0.7234375 0.80234375 0.065625 0.0140625
2 0.74375 0.77734375 0.0484375 0.0203125
2 0.76875 0.796875 0.05625 0.015625
2 0.778125 0.77890625 0.05 0.0203125
2 0.696875 0.725 0.0625 0.0375
2 0.79609375 0.646875 0.0390625 0.015625
2 0.790625 0.72421875 0.04375 0.0125
1 0.7203125 0.309375 0.0625 0.0875
1 0.77265625 0.29609375 0.0421875 0.075
1 0.80625 0.384375 0.053125 0.03125
1 0.79921875 0.690625 0.059375 0.04375
1 0.821875 0.7140625 0.040625 0.03125
2 0.83046875 0.6859375 0.0203125 0.009375
1 0.828125 0.6546875 0.046875 0.03125