2 0.54921875 0.61875 0.1375 0.040625
2 0.32109375 0.6953125 0.071875 0.04375
2 0.2828125 0.7453125 0.053125 0.0375
2 0.40078125 0.8859375 0.090625 0.04375
2 0.371875 0.86953125 0.071875 0.0390625
2 0.31875 0.8515625 0.0625 0.05
2 0.29140625 0.3671875 0.0609375 0.028125
2 0.26015625 0.3359375 0.065625 0.0125
2 0.284375 0.51484375 0.05625 0.0375
2 0.4234375 0.5546875 0.103125 0.025
2 0.35859375 0.5515625 0.0546875 0.01875
2 0.24296875 0.5796875 0.053125 0.025
2 0.26875 0.22265625 0.06875 0.01875
2 0.2578125 0.20703125 0.0640625 0.015625
2 0.20078125 0.5296875 0.0484375 0.0171875
1 0.6 0.365625 0.215625 0.10625
1 0.41171875 0.29375 0.14375 0.1125
1 0.33359375 0.034375 0.1046875 0.06875
1 0.9328125 0.4484375 0.134375 0.184375
3 0.1859375 0.315625 0.078125 0.046875
1 0.2328125 0.7015625 0.053125 0.06875
1 0.19453125 0.615625 0.0546875 0.0375
2 0.18515625 0.50625 0.040625 0.0078125
2 0.1625 0.4984375 0.028125 0.00625
2 0.15625 0.521875 0.028125 0.00625
2 0.1421875 0.4625 0.021875 0.00625
2 0.13828125 0.46796875 0.0265625 0.00625
1 0.1328125 0.48671875 0.03125 0.0140625
2 0.14296875 0.515625 0.025 0.00625
0 0.1125 0.50546875 0.0375 0.015625