2 0.63515625 0.4421875 0.0796875 0.053125
2 0.646875 0.3609375 0.071875 0.05625
2 0.625 0.23125 0.071875 0.05625
2 0.57109375 0.0453125 0.0953125 0.04375
2 0.6109375 0.884375 0.090625 0.05625
2 0.65 0.70859375 0.078125 0.0453125
2 0.71875 0.55703125 0.065625 0.0421875
2 0.728125 0.49609375 0.065625 0.0359375
2 0.7296875 0.4359375 0.059375 0.034375
2 0.71171875 0.3828125 0.0640625 0.0375
2 0.74296875 0.30859375 0.05625 0.0375
2 0.72421875 0.27109375 0.0625 0.0375
2 0.69375 0.22265625 0.059375 0.0421875
2 0.71015625 0.17109375 0.0640625 0.0484375
2 0.68984375 0.0921875 0.0734375 0.05625
2 0.79453125 0.2640625 0.046875 0.009375
2 0.78984375 0.28203125 0.046875 0.0140625
2 0.79375 0.30703125 0.040625 0.0125
2 0.79765625 0.3390625 0.0453125 0.009375
2 0.80234375 0.35625 0.0453125 0.009375
1 0.6921875 0.671875 0.078125 0.1125
1 0.778125 0.703125 0.053125 0.06875
1 0.80625 0.615625 0.05 0.03125
1 0.8203125 0.328125 0.046875 0.03125
1 0.83125 0.2953125 0.04375 0.028125
2 0.85234375 0.3375 0.0234375 0.00625
2 0.85390625 0.3484375 0.0296875 0.00625
2 0.8609375 0.4828125 0.025 0.00625
2 0.865625 0.4921875 0.025 0.00625