2 0.5671875 0.4125 0.0390625 0.1359375
2 0.53359375 0.51015625 0.0328125 0.1265625
2 0.528125 0.61875 0.021875 0.09375
2 0.4125 0.61171875 0.03125 0.0828125
2 0.1921875 0.62734375 0.040625 0.0765625
2 0.14375 0.55859375 0.05 0.0953125
2 0.278125 0.7328125 0.01875 0.065625
2 0.3796875 0.721875 0.028125 0.0625
2 0.4125 0.7078125 0.015625 0.059375
2 0.440625 0.7171875 0.01875 0.0625
2 0.85234375 0.68359375 0.0484375 0.0671875
2 0.884375 0.603125 0.05625 0.0734375
1 0.7015625 0.76640625 0.06875 0.046875
0 0.6 0.63515625 0.121875 0.2734375
1 0.615625 0.8 0.0375 0.05
1 0.89765625 0.696875 0.0640625 0.071875
1 0.4828125 0.74453125 0.03125 0.0609375
1 0.4734375 0.5609375 0.06875 0.140625
1 0.16875 0.6734375 0.09375 0.065625
1 0.14375 0.7453125 0.090625 0.078125