2 0.28125 0.14140625 0.065625 0.2140625
2 0.60546875 0.159375 0.0578125 0.225
2 0.8140625 0.4234375 0.0453125 0.1359375
2 0.8015625 0.271875 0.065625 0.184375
2 0.7296875 0.5265625 0.040625 0.115625
2 0.540625 0.53984375 0.028125 0.1234375
2 0.11171875 0.61796875 0.059375 0.0859375
2 0.20078125 0.7203125 0.0390625 0.0625
2 0.27109375 0.69140625 0.046875 0.0640625
2 0.27265625 0.6875 0.0484375 0.065625
2 0.57421875 0.7 0.0203125 0.071875
2 0.56640625 0.76171875 0.0109375 0.0515625
2 0.53984375 0.740625 0.015625 0.034375
2 0.5390625 0.68984375 0.01875 0.0640625
2 0.59921875 0.70546875 0.01875 0.065625
2 0.5171875 0.74765625 0.015625 0.0546875
2 0.5515625 0.78515625 0.009375 0.0421875
2 0.540625 0.80546875 0.009375 0.0453125
2 0.5671875 0.81875 0.009375 0.04375
2 0.44296875 0.73046875 0.015625 0.06875
2 0.459375 0.80234375 0.009375 0.0484375
2 0.75546875 0.75625 0.0234375 0.053125
2 0.79453125 0.7484375 0.021875 0.053125
2 0.81796875 0.74140625 0.0171875 0.065625
2 0.73984375 0.803125 0.0171875 0.046875
1 0.4765625 0.621875 0.078125 0.125
1 0.1234375 0.70234375 0.121875 0.084375
3 0.93125 0.496875 0.1375 0.175
3 0.5046875 0.809375 0.040625 0.0625
1 0.3015625 0.78671875 0.071875 0.0453125
1 0.3828125 0.8125 0.03125 0.065625
2 0.48984375 0.8375 0.0140625 0.0375
2 0.49765625 0.8671875 0.0078125 0.0234375
2 0.48359375 0.86796875 0.00625 0.021875
2 0.534375 0.89140625 0.00625 0.0203125
1 0.5125 0.8875 0.0125 0.025
3 0.525 0.90390625 0.009375 0.03125
3 0.5109375 0.9140625 0.0125 0.034375
1 0.49296875 0.884375 0.009375 0.0265625
3 0.4984375 0.903125 0.00625 0.021875
2 0.6921875 0.8125 0.009375 0.034375
2 0.6796875 0.80390625 0.0125 0.0328125
1 0.70703125 0.8359375 0.0265625 0.040625
2 0.67578125 0.83984375 0.0078125 0.0375
2 0.65625 0.82734375 0.00625 0.0328125
2 0.6515625 0.84765625 0.0140625 0.034375