2 0.42265625 0.1828125 0.0921875 0.0625
2 0.625 0.31875 0.15625 0.071875
2 0.7296875 0.7078125 0.184375 0.0625
2 0.925 0.77890625 0.15 0.1265625
2 0.3328125 0.540625 0.084375 0.025
2 0.2953125 0.5 0.075 0.021875
2 0.2890625 0.56875 0.078125 0.01875
2 0.2390625 0.51328125 0.065625 0.0171875
2 0.19375 0.48359375 0.05 0.0125
2 0.22890625 0.26015625 0.065625 0.0171875
2 0.1984375 0.1921875 0.05 0.015625
2 0.18984375 0.2203125 0.040625 0.0125
2 0.19140625 0.2375 0.0453125 0.015625
2 0.18984375 0.28203125 0.0546875 0.015625
1 0.26953125 0.8875 0.075 0.115625
1 0.18671875 0.6984375 0.0546875 0.06875
1 0.1578125 0.6140625 0.05625 0.040625
2 0.17109375 0.265625 0.0328125 0.009375
1 0.134375 0.2875 0.040625 0.028125
1 0.159375 0.3046875 0.05625 0.0375
1 0.140625 0.3265625 0.046875 0.021875
1 0.128125 0.34609375 0.0375 0.0203125
1 0.1140625 0.3296875 0.034375 0.021875
1 0.109375 0.3625 0.034375 0.021875
2 0.109375 0.459375 0.034375 0.009375
2 0.11328125 0.48203125 0.0265625 0.009375
2 0.11171875 0.4953125 0.0234375 0.00625
1 0.09453125 0.4859375 0.028125 0.015625
1 0.075 0.484375 0.025 0.0125
2 0.08671875 0.4953125 0.021875 0.00625
2 0.09296875 0.50625 0.025 0.00625
2 0.0890625 0.5140625 0.021875 0.0046875