2 0.60703125 0.50625 0.0375 0.13203125
2 0.665625 0.53828125 0.046875 0.134375
2 0.71171875 0.4515625 0.0375 0.096875
2 0.884375 0.37890625 0.053125 0.0859375
2 0.8515625 0.296875 0.04921875 0.0734375
2 0.7796875 0.271875 0.04296875 0.06640625
2 0.66875 0.28125 0.0375 0.06796875
2 0.68203125 0.2953125 0.04375 0.065625
2 0.48046875 0.26875 0.021875 0.06796875
2 0.42421875 0.3609375 0.025 0.09375
2 0.37265625 0.30390625 0.0375 0.07109375
2 0.3765625 0.2734375 0.02109375 0.065625
1 0.0578125 0.40625 0.11484375 0.12890625
2 0.0796875 0.321875 0.0390625 0.05546875
2 0.028125 0.33046875 0.03984375 0.07890625
2 0.55 0.20859375 0.01640625 0.0421875
2 0.2875 0.18203125 0.01484375 0.046875
1 0.50390625 0.4125 0.0734375 0.1390625
1 0.28125 0.384375 0.14140625 0.12109375
1 0.20546875 0.3296875 0.0859375 0.090625
3 0.571875 0.87421875 0.25859375 0.2515625
3 0.4859375 0.203125 0.02890625 0.071875
1 0.6171875 0.1828125 0.03515625 0.05390625
1 0.70234375 0.21015625 0.071875 0.04296875
1 0.90625 0.284375 0.05703125 0.078125
2 0.32890625 0.15234375 0.009375 0.0375
2 0.51015625 0.13359375 0.00625 0.028125
2 0.515625 0.146875 0.00703125 0.0265625
2 0.496875 0.11484375 0.00546875 0.0234375
2 0.51953125 0.11875 0.0078125 0.02890625