2 0.4421875 0.75546875 0.05 0.2
2 0.36640625 0.9765625 0.0734375 0.046875
2 0.63046875 0.6453125 0.0484375 0.146875
2 0.79375 0.5109375 0.046875 0.096875
2 0.75078125 0.40859375 0.05 0.0890625
2 0.9546875 0.39140625 0.040625 0.075
2 0.9625 0.59296875 0.075 0.1046875
2 0.61796875 0.43203125 0.03125 0.1078125
2 0.57265625 0.36875 0.03125 0.09375
2 0.1140625 0.40390625 0.05625 0.0796875
2 0.14921875 0.31796875 0.05 0.0625
2 0.4515625 0.5140625 0.034375 0.121875
2 0.61484375 0.27734375 0.0296875 0.0609375
2 0.68984375 0.23203125 0.0171875 0.0640625
2 0.978125 0.334375 0.0359375 0.065625
2 0.54765625 0.21484375 0.0109375 0.0421875
2 0.525 0.2015625 0.0125 0.034375
0 0.340625 0.50703125 0.2125 0.4828125
1 0.53125 0.584375 0.0921875 0.2140625
1 0.7703125 0.33046875 0.096875 0.078125
1 0.8125 0.2515625 0.078125 0.0859375
1 0.29921875 0.2359375 0.075 0.046875
1 0.1 0.3015625 0.065625 0.084375
1 0.3828125 0.2078125 0.04375 0.059375
1 0.5171875 0.30625 0.04375 0.084375
2 0.5171875 0.18125 0.009375 0.028125
2 0.490625 0.165625 0.00625 0.025
2 0.4640625 0.18515625 0.009375 0.0328125
2 0.5203125 0.14296875 0.00625 0.025
2 0.5109375 0.153125 0.00625 0.025
2 0.5328125 0.13046875 0.00625 0.025
1 0.490625 0.1421875 0.0125 0.021875
2 0.48125 0.153125 0.00625 0.025
2 0.4703125 0.15703125 0.00625 0.025
2 0.525 0.1234375 0.00625 0.021875
2 0.5078125 0.121875 0.00625 0.021875