2 0.6875 0.728125 0.053125 0.184375
2 0.65 0.953125 0.071875 0.09375
2 0.16328125 0.54375 0.059375 0.125
2 0.7453125 0.44375 0.065625 0.103125
2 0.74375 0.37421875 0.046875 0.0921875
2 0.8828125 0.39765625 0.05625 0.0765625
2 0.390625 0.2828125 0.034375 0.053125
2 0.446875 0.23828125 0.025 0.0453125
2 0.4046875 0.2390625 0.025 0.053125
1 0.33125 0.29453125 0.096875 0.0796875
2 0.2921875 0.21484375 0.00625 0.034375
2 0.33515625 0.2203125 0.0140625 0.046875
2 0.303125 0.23359375 0.01875 0.0609375
2 0.27421875 0.2328125 0.0171875 0.053125
2 0.25390625 0.234375 0.0140625 0.053125
2 0.23046875 0.24609375 0.0140625 0.053125
1 0.1 0.3125 0.121875 0.075
1 0.5765625 0.346875 0.140625 0.10625
1 0.7 0.23046875 0.071875 0.053125
1 0.6140625 0.18984375 0.034375 0.059375
1 0.47421875 0.209375 0.0375 0.053125
1 0.4953125 0.15234375 0.01875 0.0328125
2 0.225 0.221875 0.0125 0.040625
2 0.24296875 0.2125 0.009375 0.034375
2 0.28828125 0.196875 0.00625 0.028125
1 0.32734375 0.184375 0.0359375 0.05
1 0.296875 0.1734375 0.028125 0.040625
2 0.34140625 0.15859375 0.0078125 0.025