2 0.2140625 0.965625 0.0875 0.06796875
2 0.0859375 0.9390625 0.125 0.121875
2 0.1734375 0.671875 0.059375 0.16796875
2 0.18359375 0.4796875 0.0390625 0.12109375
2 0.0875 0.43828125 0.053125 0.1125
2 0.2265625 0.353125 0.021875 0.0984375
2 0.24765625 0.365625 0.0296875 0.0640625
2 0.2546875 0.4328125 0.02265625 0.09609375
2 0.2828125 0.4734375 0.03359375 0.103125
2 0.415625 0.6609375 0.0484375 0.15859375
2 0.525 0.32421875 0.01484375 0.0734375
2 0.51171875 0.2546875 0.0140625 0.05859375
2 0.48125 0.25234375 0.0140625 0.06171875
2 0.4703125 0.20390625 0.01015625 0.04609375
2 0.49296875 0.21015625 0.01328125 0.05234375
2 0.515625 0.20390625 0.01015625 0.04921875
2 0.53125 0.2140625 0.0109375 0.053125
2 0.54765625 0.1953125 0.01328125 0.04921875
2 0.48515625 0.16015625 0.00546875 0.03046875
2 0.5046875 0.1640625 0.0078125 0.03046875
0 0.4328125 0.1828125 0.0578125 0.1265625
1 0.39140625 0.4734375 0.128125 0.246875
1 0.665625 0.7015625 0.15234375 0.35
1 0.234375 0.24765625 0.0578125 0.0734375
1 0.28671875 0.1859375 0.0453125 0.053125
1 0.6203125 0.178125 0.040625 0.0515625
1 0.87734375 0.28671875 0.1203125 0.06796875
1 0.7 0.2140625 0.07578125 0.053125
1 0.2953125 0.14921875 0.02578125 0.03203125
2 0.315625 0.15859375 0.01015625 0.028125
1 0.3421875 0.1625 0.02578125 0.03359375
1 0.0921875 0.34921875 0.11953125 0.1234375
2 0.4859375 0.1359375 0.00703125 0.021875
2 0.48125 0.11953125 0.00703125 0.025
2 0.496875 0.13046875 0.0078125 0.028125
2 0.50546875 0.14140625 0.0078125 0.021875
2 0.5171875 0.14375 0.00859375 0.03203125
1 0.3375 0.134375 0.02578125 0.040625
1 0.3703125 0.12890625 0.01953125 0.03046875
2 0.50703125 0.121875 0.0046875 0.0234375
2 0.5171875 0.12421875 0.00625 0.0234375