1 0.7 0.1984375 0.0703125 0.0515625
1 0.6125 0.16796875 0.03671875 0.05234375
1 0.3015625 0.16875 0.0390625 0.06015625
1 0.3296875 0.1515625 0.02421875 0.0390625
1 0.4375 0.2765625 0.10859375 0.08359375
2 0.3875 0.21796875 0.02734375 0.05234375
2 0.33828125 0.2390625 0.03359375 0.0609375
2 0.309375 0.31328125 0.0328125 0.065625
2 0.34609375 0.328125 0.0453125 0.07421875
2 0.309375 0.353125 0.059375 0.084375
2 0.30703125 0.5265625 0.05546875 0.12890625
2 0.60859375 0.6453125 0.046875 0.175
2 0.434375 0.8890625 0.059375 0.221875
2 0.11953125 0.45859375 0.05234375 0.09921875
2 0.121875 0.534375 0.0609375 0.12265625
2 0.509375 0.3328125 0.0515625 0.07265625
2 0.57421875 0.2609375 0.04296875 0.059375
2 0.62890625 0.3046875 0.04765625 0.0796875
2 0.6703125 0.33046875 0.0515625 0.08125
2 0.5078125 0.1609375 0.0140625 0.05
2 0.46875 0.1765625 0.0140625 0.046875
2 0.434375 0.1765625 0.0140625 0.04609375
2 0.27421875 0.1703125 0.0140625 0.0375
2 0.3484375 0.1609375 0.0109375 0.03984375
1 0.2890625 0.14375 0.02734375 0.0375
2 0.3265625 0.128125 0.01015625 0.0234375
2 0.3375 0.12578125 0.00703125 0.02890625
1 0.9265625 0.265625 0.0390625 0.06796875
2 0.9578125 0.334375 0.03984375 0.07109375
1 0.015625 0.334375 0.03125 0.08046875
1 0.353125 0.1296875 0.02109375 0.03203125