2 0.2734375 0.19453125 0.140625 0.2203125
2 0.3265625 0.09609375 0.121875 0.1921875
2 0.60234375 0.2328125 0.046875 0.196875
2 0.6890625 0.2765625 0.05 0.19375
2 0.7671875 0.0578125 0.109375 0.115625
2 0.49609375 0.63359375 0.05 0.0953125
2 0.42890625 0.7515625 0.034375 0.0609375
2 0.3875 0.746875 0.028125 0.0609375
2 0.09296875 0.56640625 0.0515625 0.090625
2 0.884375 0.6015625 0.059375 0.08125
2 0.45078125 0.796875 0.0125 0.040625
2 0.496875 0.7984375 0.009375 0.0375
2 0.259375 0.73125 0.021875 0.065625
2 0.29921875 0.7359375 0.01875 0.0625
2 0.31953125 0.765625 0.015625 0.05
2 0.24140625 0.7359375 0.0125 0.05625
2 0.2265625 0.74296875 0.0125 0.0640625
2 0.20703125 0.72734375 0.0171875 0.065625
2 0.1890625 0.73828125 0.0125 0.059375
1 0.1328125 0.696875 0.109375 0.096875
2 0.17890625 0.76328125 0.0125 0.0453125
1 0.7796875 0.66328125 0.146875 0.0984375
1 0.9125 0.6984375 0.0625 0.05625
1 0.70234375 0.775 0.0640625 0.04375
1 0.61484375 0.803125 0.0421875 0.053125
1 0.4859375 0.821875 0.021875 0.04375
1 0.4921875 0.8625 0.015625 0.028125
2 0.215625 0.7546875 0.009375 0.04375
2 0.2421875 0.77109375 0.009375 0.0328125
2 0.2703125 0.759375 0.0125 0.040625
2 0.253125 0.77265625 0.009375 0.034375
2 0.26328125 0.78671875 0.0078125 0.0328125
2 0.27890625 0.8 0.0078125 0.03125
2 0.2890625 0.7953125 0.0125 0.03125
1 0.32578125 0.80546875 0.0375 0.053125
1 0.359375 0.83984375 0.025 0.0421875
1 0.29453125 0.82265625 0.0265625 0.0328125