2 0.5671875 0.5875 0.0390625 0.1359375
2 0.53359375 0.48984375 0.0328125 0.1265625
2 0.528125 0.38125 0.02109375 0.09296875
2 0.4125 0.38828125 0.03046875 0.08203125
2 0.1921875 0.37265625 0.040625 0.0765625
2 0.14375 0.44140625 0.05078125 0.09453125
2 0.278125 0.2671875 0.01875 0.065625
2 0.3796875 0.278125 0.0296875 0.0625
2 0.4125 0.2921875 0.015625 0.059375
2 0.440625 0.2828125 0.01953125 0.0625
2 0.85234375 0.31640625 0.0484375 0.06640625
2 0.884375 0.396875 0.05546875 0.0734375
1 0.7015625 0.23359375 0.06796875 0.046875
0 0.6 0.36484375 0.12109375 0.2734375
1 0.615625 0.2 0.03828125 0.05
1 0.89765625 0.303125 0.0640625 0.071875
1 0.4828125 0.25546875 0.03203125 0.0609375
1 0.4734375 0.4390625 0.06796875 0.1390625
1 0.16875 0.3265625 0.09375 0.06640625
1 0.14375 0.2546875 0.09140625 0.07890625