2 0.14921875 0.9078125 0.0796875 0.184375
2 0.453125 0.778125 0.0484375 0.190625
2 0.609375 0.65078125 0.04921875 0.17734375
2 0.38828125 0.5640625 0.04609375 0.1484375
2 0.0984375 0.49609375 0.096875 0.14140625
2 0.7890625 0.421875 0.0578125 0.1046875
2 0.86484375 0.3109375 0.0515625 0.06796875
2 0.93203125 0.296875 0.0359375 0.05546875
2 0.55625 0.28671875 0.04453125 0.0578125
2 0.02890625 0.2984375 0.0578125 0.07734375
2 0.253125 0.23671875 0.02578125 0.06640625
2 0.26328125 0.178125 0.015625 0.04296875
2 0.2796875 0.75703125 0.07734375 0.2109375
1 0.14375 0.296875 0.12734375 0.1015625
1 0.36796875 0.26484375 0.1 0.0875
1 0.7 0.2 0.06640625 0.0609375
1 0.61328125 0.16171875 0.0359375 0.05390625
1 0.58359375 0.23125 0.0703125 0.06796875
1 0.3015625 0.159375 0.0375 0.05703125
1 0.3265625 0.1484375 0.02890625 0.04140625
1 0.3453125 0.134375 0.025 0.03359375
2 0.46640625 0.0953125 0.00625 0.01796875
2 0.471875 0.08515625 0.00703125 0.01796875
2 0.4921875 0.11875 0.0078125 0.0234375
2 0.48828125 0.0984375 0.0078125 0.01640625
2 0.5046875 0.1265625 0.01015625 0.025