2 0.89375 0.88125 0.2125 0.10625
2 0.73125 0.7640625 0.190625 0.06875
2 0.64921875 0.5609375 0.159375 0.053125
2 0.58125 0.6203125 0.15625 0.065625
2 0.690625 0.4109375 0.16875 0.05
2 0.7078125 0.31484375 0.16875 0.0546875
2 0.88671875 0.2828125 0.2046875 0.1
2 0.34765625 0.5984375 0.0796875 0.040625
2 0.265625 0.57734375 0.065625 0.0265625
2 0.39765625 0.115625 0.0828125 0.05625
2 0.38671875 0.96171875 0.0796875 0.053125
2 0.29921875 0.73984375 0.06875 0.0296875
2 0.253125 0.7015625 0.05 0.021875
2 0.23671875 0.534375 0.0515625 0.015625
2 0.30078125 0.7703125 0.059375 0.021875
2 0.296875 0.81875 0.059375 0.025
2 0.278125 0.83671875 0.0625 0.015625
2 0.25703125 0.85234375 0.0640625 0.0203125
2 0.27265625 0.7859375 0.0578125 0.0125
2 0.25625 0.8 0.053125 0.009375
2 0.2578125 0.74296875 0.04375 0.0171875
2 0.253125 0.76640625 0.040625 0.01875
2 0.21953125 0.73125 0.0390625 0.0125
2 0.1875 0.5421875 0.0375 0.009375
2 0.1875 0.49453125 0.0375 0.0109375
1 0.1984375 0.6765625 0.05 0.040625
1 0.34140625 0.1125 0.103125 0.15625
1 0.290625 0.1515625 0.040625 0.10625
1 0.228125 0.3 0.05625 0.06875
1 0.196875 0.384375 0.065625 0.0375