2 0.12578125 0.409375 0.0375 0.0984375
2 0.0953125 0.45390625 0.059375 0.1109375
2 0.1921875 0.659375 0.05546875 0.16953125
2 0.65625 0.525 0.0359375 0.1359375
2 0.828125 0.42890625 0.0453125 0.10546875
2 0.18046875 0.22421875 0.0359375 0.04921875
1 0.2421875 0.321875 0.12734375 0.12109375
2 0.19921875 0.25 0.025 0.0421875
1 0.1 0.33671875 0.10546875 0.109375
1 0.55859375 0.4296875 0.0828125 0.134375
1 0.878125 0.284375 0.134375 0.08203125
1 0.7046875 0.2109375 0.0734375 0.05859375
1 0.615625 0.1796875 0.0328125 0.065625
1 0.27734375 0.20859375 0.05 0.06640625
3 0.41640625 0.346875 0.053125 0.12890625
3 0.48828125 0.17265625 0.0515625 0.13203125
2 0.3328125 0.1953125 0.01015625 0.0375
1 0.29453125 0.153125 0.0296875 0.0359375
2 0.2984375 0.16875 0.00703125 0.0265625
2 0.31171875 0.17109375 0.0109375 0.03359375
2 0.3359375 0.16484375 0.01015625 0.03203125
2 0.334375 0.14296875 0.0078125 0.028125
3 0.5171875 0.165625 0.01640625 0.053125
3 0.459375 0.165625 0.01484375 0.0515625
2 0.44375 0.1546875 0.00859375 0.034375
2 0.46015625 0.11796875 0.0078125 0.03359375
2 0.4703125 0.10546875 0.00703125 0.01953125
0 0.4734375 0.078125 0.01171875 0.034375
2 0.515625 0.12890625 0.00859375 0.03359375