2 0.10625 0.11875 0.2125 0.10625
2 0.26875 0.2359375 0.190625 0.06875
2 0.35078125 0.4390625 0.159375 0.053125
2 0.41875 0.3796875 0.15625 0.065625
2 0.309375 0.5890625 0.16875 0.05
2 0.2921875 0.68515625 0.16875 0.0546875
2 0.11328125 0.7171875 0.2046875 0.1
2 0.65234375 0.4015625 0.0796875 0.040625
2 0.734375 0.42265625 0.065625 0.0265625
2 0.60234375 0.884375 0.0828125 0.05625
2 0.61328125 0.03828125 0.0796875 0.053125
2 0.70078125 0.26015625 0.0671875 0.0296875
2 0.746875 0.2984375 0.05 0.021875
2 0.76328125 0.465625 0.0515625 0.015625
2 0.69921875 0.2296875 0.059375 0.021875
2 0.703125 0.18125 0.059375 0.025
2 0.721875 0.16328125 0.0625 0.015625
2 0.74296875 0.14765625 0.0640625 0.0203125
2 0.72734375 0.2140625 0.0578125 0.0125
2 0.74375 0.2 0.053125 0.009375
2 0.7421875 0.25703125 0.04375 0.0171875
2 0.746875 0.23359375 0.040625 0.0171875
2 0.78046875 0.26875 0.0390625 0.0125
2 0.8125 0.4578125 0.0375 0.009375
2 0.8125 0.50546875 0.0375 0.0109375
1 0.8015625 0.3234375 0.05 0.040625
1 0.65859375 0.8875 0.103125 0.15625
1 0.709375 0.8484375 0.040625 0.10625
1 0.771875 0.7 0.05625 0.06875
1 0.803125 0.615625 0.065625 0.0375