2 0.65390625 0.2734375 0.096875 0.046875
2 0.346875 0.49765625 0.1640625 0.04375
2 0.39140625 0.60546875 0.16875 0.0453125
2 0.31640625 0.68828125 0.1796875 0.059375
2 0.55078125 0.58515625 0.1203125 0.0359375
2 0.621875 0.4546875 0.109375 0.028125
2 0.671875 0.48125 0.075 0.05
2 0.66640625 0.83125 0.0828125 0.053125
2 0.85234375 0.446875 0.0453125 0.0125
2 0.85234375 0.46484375 0.040625 0.0078125
2 0.86015625 0.4796875 0.0359375 0.009375
2 0.86640625 0.4578125 0.0390625 0.00625
2 0.884375 0.5078125 0.04375 0.0125
2 0.85859375 0.3578125 0.040625 0.009375
2 0.85 0.33203125 0.04375 0.0140625
2 0.8359375 0.2625 0.0515625 0.0109375
2 0.82421875 0.228125 0.0578125 0.021875
1 0.69921875 0.70078125 0.1125 0.1390625
1 0.7328125 0.9328125 0.0625 0.0625
1 0.81796875 0.70078125 0.0484375 0.071875
1 0.84609375 0.6140625 0.046875 0.0390625
2 0.83828125 0.27265625 0.040625 0.0109375
1 0.8484375 0.30078125 0.059375 0.0359375
1 0.878125 0.34375 0.034375 0.021875
1 0.87265625 0.2875 0.040625 0.03125