2 0.665625 0.83203125 0.0625 0.2109375
2 0.603125 0.75390625 0.046875 0.203125
2 0.9046875 0.45859375 0.059375 0.125
2 0.97734375 0.36015625 0.0453125 0.0703125
2 0.42109375 0.32890625 0.0234375 0.075
2 0.4625 0.31953125 0.021875 0.075
2 0.4796875 0.26953125 0.01875 0.0640625
2 0.2265625 0.38046875 0.05625 0.0828125
1 0.809375 0.28984375 0.078125 0.0921875
2 0.84609375 0.26875 0.015625 0.05625
2 0.73203125 0.2546875 0.0171875 0.059375
2 0.7515625 0.2453125 0.021875 0.053125
2 0.76796875 0.22578125 0.0171875 0.0421875
2 0.5609375 0.21015625 0.0125 0.05
2 0.64453125 0.1984375 0.0109375 0.046875
1 0.1203125 0.29453125 0.121875 0.0671875
2 0.1453125 0.3140625 0.05 0.065625
3 0.6703125 0.534375 0.1734375 0.284375
1 0.2984375 0.2171875 0.065625 0.046875
1 0.38671875 0.184375 0.0328125 0.05
1 0.46640625 0.21796875 0.034375 0.0671875
1 0.50234375 0.1796875 0.0265625 0.053125
1 0.7046875 0.1640625 0.03125 0.040625
1 0.234375 0.86953125 0.215625 0.2609375
3 0.43828125 0.7921875 0.203125 0.415625