2 0.6125 0.46328125 0.03046875 0.12109375
2 0.4390625 0.4703125 0.0328125 0.12890625
2 0.23359375 0.53671875 0.0515625 0.13203125
2 0.17578125 0.50234375 0.0390625 0.115625
2 0.2484375 0.403125 0.040625 0.09140625
2 0.4640625 0.30625 0.02421875 0.0765625
2 0.1921875 0.28046875 0.02265625 0.071875
2 0.21796875 0.284375 0.025 0.0765625
2 0.1515625 0.29296875 0.02421875 0.078125
2 0.1125 0.30546875 0.03046875 0.071875
2 0.728125 0.30703125 0.04765625 0.0640625
2 0.7984375 0.2765625 0.0421875 0.05546875
2 0.8859375 0.3828125 0.06015625 0.084375
1 0.515625 0.29609375 0.05625 0.09453125
2 0.54140625 0.21171875 0.01015625 0.04765625
2 0.42109375 0.23828125 0.01171875 0.0546875
2 0.440625 0.24453125 0.0125 0.0546875
2 0.46953125 0.2484375 0.0109375 0.0515625
2 0.45625 0.2265625 0.0125 0.04765625
2 0.44765625 0.209375 0.0078125 0.0265625
2 0.47421875 0.21015625 0.0109375 0.0453125
2 0.290625 0.21875 0.01640625 0.040625
2 0.2703125 0.21015625 0.01640625 0.04765625
2 0.17890625 0.22734375 0.02890625 0.05234375
2 0.4546875 0.1875 0.00703125 0.021875
2 0.4625 0.17734375 0.0078125 0.02890625
3 0.4953125 0.171875 0.02890625 0.0625
1 0.7 0.2203125 0.0734375 0.059375
1 0.8765625 0.2984375 0.12421875 0.071875
1 0.6140625 0.18671875 0.03828125 0.0625
2 0.3140625 0.20234375 0.01015625 0.0265625
2 0.4390625 0.16875 0.00703125 0.0265625
2 0.53125 0.178125 0.0078125 0.02890625
1 0.29453125 0.16484375 0.03125 0.04296875
2 0.3015625 0.18203125 0.0109375 0.028125
2 0.321875 0.17890625 0.01015625 0.03359375
2 0.334375 0.165625 0.00859375 0.02890625
2 0.3515625 0.153125 0.00703125 0.02109375
2 0.36640625 0.134375 0.00625 0.021875
1 0.48828125 0.10859375 0.0109375 0.021875
1 0.5078125 0.1125 0.009375 0.025
2 0.5140625 0.12421875 0.00703125 0.02109375