2 0.58984375 0.875 0.0734375 0.0375
2 0.5140625 0.8578125 0.1109375 0.0484375
2 0.571875 0.1734375 0.109375 0.046875
2 0.790625 0.57578125 0.04375 0.0109375
2 0.78125 0.73046875 0.053125 0.021875
3 0.19296875 0.7546875 0.3859375 0.215625
3 0.75390625 0.51796875 0.225 0.0640625
1 0.71484375 0.121875 0.090625 0.121875
1 0.79609375 0.3 0.05 0.071875
1 0.82265625 0.384375 0.0515625 0.028125
1 0.16015625 0.33828125 0.3203125 0.2109375
1 0.6703125 0.7421875 0.134375 0.128125
1 0.74140625 0.7875 0.071875 0.06875
1 0.70859375 0.890625 0.1328125 0.10625
1 0.821875 0.690625 0.05 0.04375