0 0.21015625 0.675 0.4203125 0.65
2 0.4203125 0.8203125 0.046875 0.203125
2 0.69453125 0.796875 0.0609375 0.196875
2 0.78359375 0.66796875 0.0609375 0.1609375
2 0.8703125 0.5859375 0.08125 0.128125
2 0.721875 0.48203125 0.05 0.1078125
2 0.6046875 0.5234375 0.04375 0.11875
2 0.8953125 0.43671875 0.05 0.090625
2 0.55546875 0.26640625 0.0140625 0.0609375
2 0.5234375 0.240625 0.0125 0.053125
2 0.61640625 0.2828125 0.03125 0.05625
2 0.6609375 0.2140625 0.015625 0.040625
2 0.88203125 0.37109375 0.0453125 0.071875
2 0.8859375 0.31328125 0.040625 0.0546875
2 0.11796875 0.40859375 0.0546875 0.084375
2 0.15078125 0.32578125 0.0484375 0.0671875
2 0.51015625 0.21171875 0.0109375 0.0421875
1 0.534375 0.81015625 0.134375 0.3796875
1 0.5203125 0.35859375 0.046875 0.1
1 0.78125 0.234375 0.071875 0.075
1 0.29453125 0.23828125 0.075 0.0515625
1 0.10625 0.29921875 0.075 0.0765625
1 0.384375 0.209375 0.034375 0.0484375
1 0.71953125 0.34375 0.0765625 0.096875
2 0.459375 0.2078125 0.0125 0.040625
2 0.51875 0.184375 0.00625 0.03125
2 0.5078125 0.17421875 0.00625 0.028125
2 0.48984375 0.18515625 0.009375 0.028125
2 0.53515625 0.14609375 0.00625 0.028125
2 0.5203125 0.159375 0.009375 0.0234375
2 0.48125 0.16875 0.00625 0.025
2 0.46875 0.171875 0.00625 0.028125
2 0.5265625 0.1375 0.00625 0.025
1 0.4890625 0.15625 0.015625 0.025
2 0.5125 0.13046875 0.003125 0.0203125
2 0.50625 0.1375 0.00625 0.021875
2 0.4984375 0.14296875 0.00625 0.025