2 0.3234375 0.39453125 0.171875 0.0609375
2 0.315625 0.30625 0.171875 0.0671875
2 0.371875 0.18125 0.146875 0.071875
2 0.484375 0.1109375 0.11875 0.065625
2 0.678125 0.67890625 0.0734375 0.04375
2 0.5984375 0.8875 0.078125 0.05625
2 0.66484375 0.92265625 0.0734375 0.046875
2 0.675 0.85078125 0.071875 0.0484375
2 0.69765625 0.7796875 0.0640625 0.0421875
2 0.74296875 0.60625 0.0546875 0.025
2 0.75390625 0.53984375 0.0546875 0.01875
2 0.6671875 0.3734375 0.071875 0.034375
2 0.703125 0.3796875 0.05625 0.021875
2 0.78671875 0.51171875 0.0328125 0.0140625
3 0.415625 0.5265625 0.246875 0.090625
1 0.503125 0.3984375 0.165625 0.125
1 0.596875 0.265625 0.1125 0.090625
1 0.65546875 0.1234375 0.1078125 0.11875
1 0.75859375 0.2703125 0.0609375 0.046875
1 0.76328125 0.70546875 0.0515625 0.065625
1 0.69296875 0.9046875 0.0640625 0.059375
1 0.79453125 0.61796875 0.0609375 0.0390625
2 0.81328125 0.5171875 0.040625 0.00625
2 0.803125 0.525 0.034375 0.00625
2 0.821875 0.53125 0.0375 0.00625
2 0.79609375 0.540625 0.0359375 0.0109375
2 0.809375 0.3296875 0.040625 0.009375