2 0.11875 0.3734375 0.0390625 0.0859375
2 0.0734375 0.30078125 0.03046875 0.06796875
2 0.2890625 0.26640625 0.0390625 0.05859375
2 0.4203125 0.35234375 0.02265625 0.09609375
2 0.5390625 0.5203125 0.03828125 0.13203125
2 0.7296875 0.31171875 0.046875 0.059375
2 0.7890625 0.2890625 0.03828125 0.05859375
2 0.7640625 0.2609375 0.0296875 0.0640625
2 0.8828125 0.3875 0.05390625 0.09140625
2 0.4625 0.2046875 0.01015625 0.0484375
2 0.5359375 0.1890625 0.01953125 0.046875
2 0.284375 0.2 0.01484375 0.04453125
2 0.02421875 0.334375 0.03671875 0.0734375
2 0.03515625 0.30390625 0.02421875 0.06640625
1 0.8703125 0.30234375 0.12734375 0.0734375
1 0.7015625 0.22109375 0.06875 0.046875
1 0.6171875 0.190625 0.03671875 0.0515625
2 0.3078125 0.1921875 0.00859375 0.034375
2 0.32578125 0.1875 0.0078125 0.0390625
1 0.296875 0.16953125 0.0296875 0.0359375
2 0.33671875 0.16015625 0.0078125 0.03203125
2 0.3578125 0.184375 0.0109375 0.0359375
1 0.36640625 0.1453125 0.01875 0.0375
2 0.4828125 0.15078125 0.00703125 0.034375
2 0.46875 0.11953125 0.00546875 0.01953125
2 0.48359375 0.11875 0.0078125 0.0234375
2 0.50234375 0.14765625 0.0140625 0.02890625