2 0.57109375 0.53828125 0.0390625 0.134375
2 0.4984375 0.3953125 0.02265625 0.09609375
2 0.5515625 0.35234375 0.02109375 0.08203125
2 0.0328125 0.4234375 0.05703125 0.10546875
2 0.8828125 0.39453125 0.05078125 0.0859375
2 0.796875 0.32734375 0.05703125 0.06796875
2 0.8484375 0.3171875 0.04375 0.06953125
2 0.53515625 0.26640625 0.015625 0.0578125
2 0.4734375 0.2328125 0.0109375 0.0390625
2 0.38046875 0.2734375 0.02890625 0.06015625
2 0.33359375 0.24140625 0.01171875 0.04765625
2 0.20546875 0.24375 0.02734375 0.0515625
2 0.265625 0.22734375 0.01640625 0.0453125
1 0.25234375 0.4609375 0.1265625 0.15859375
1 0.703125 0.23125 0.06953125 0.0375
1 0.903125 0.30078125 0.06015625 0.08203125
1 0.61640625 0.19921875 0.0265625 0.05390625
1 0.478125 0.196875 0.02421875 0.04296875
2 0.503125 0.1859375 0.00703125 0.03046875
2 0.4984375 0.178125 0.00703125 0.040625
2 0.5125 0.2 0.00859375 0.0390625
0 0.525 0.15859375 0.0296875 0.08359375
2 0.5078125 0.21640625 0.0078125 0.0359375
2 0.3328125 0.16875 0.00859375 0.034375
2 0.4625 0.1484375 0.00546875 0.03046875
2 0.46953125 0.14375 0.00625 0.0234375
1 0.48671875 0.146875 0.0140625 0.03046875