2 0.76015625 0.66640625 0.05625 0.153125
2 0.534375 0.33984375 0.02734375 0.08203125
2 0.884375 0.39921875 0.05625 0.090625
2 0.8515625 0.315625 0.04453125 0.05859375
2 0.709375 0.3171875 0.0515625 0.059375
2 0.7125 0.2671875 0.0484375 0.05078125
2 0.51015625 0.25859375 0.01640625 0.0640625
2 0.53203125 0.22109375 0.01328125 0.04765625
2 0.48125 0.21171875 0.01328125 0.04609375
2 0.40078125 0.275 0.03671875 0.05859375
2 0.33984375 0.26328125 0.015625 0.0640625
2 0.11015625 0.31484375 0.040625 0.0703125
2 0.0171875 0.3265625 0.034375 0.078125
2 0.3625 0.209375 0.009375 0.0453125
1 0.41171875 0.77421875 0.1578125 0.3875
1 0.1703125 0.3796875 0.1171875 0.12109375
1 0.7015625 0.22734375 0.06484375 0.0484375
1 0.9015625 0.296875 0.06640625 0.0765625
1 0.615625 0.1890625 0.03359375 0.0609375
2 0.4609375 0.17421875 0.01015625 0.034375
1 0.48125 0.16171875 0.01796875 0.03203125
2 0.3375 0.1703125 0.01015625 0.02890625
2 0.28203125 0.2046875 0.0109375 0.03203125
2 0.521875 0.1890625 0.01015625 0.0359375
2 0.50234375 0.165625 0.009375 0.03359375
2 0.4953125 0.146875 0.0078125 0.028125
1 0.4875 0.128125 0.01171875 0.02109375
0 0.515625 0.128125 0.02578125 0.05703125