2 0.2734375 0.34609375 0.046875 0.096875
2 0.49765625 0.653125 0.04375 0.1640625
2 0.60546875 0.60859375 0.0453125 0.1703125
2 0.68828125 0.68359375 0.059375 0.1796875
2 0.58515625 0.44921875 0.0359375 0.1203125
2 0.4546875 0.378125 0.028125 0.109375
2 0.48125 0.328125 0.05 0.075
2 0.83125 0.33359375 0.053125 0.0828125
2 0.446875 0.14765625 0.0125 0.0453125
2 0.46484375 0.14765625 0.0078125 0.040625
2 0.4796875 0.13984375 0.009375 0.0359375
2 0.4578125 0.13359375 0.00625 0.0390625
2 0.5078125 0.115625 0.0125 0.04375
2 0.3578125 0.14140625 0.009375 0.040625
2 0.33203125 0.15 0.0140625 0.04375
2 0.2625 0.1640625 0.0125 0.053125
2 0.228125 0.17578125 0.021875 0.05625
1 0.70078125 0.30078125 0.1390625 0.1125
1 0.9328125 0.2671875 0.0625 0.0625
1 0.70078125 0.18203125 0.0734375 0.0484375
1 0.6140625 0.15390625 0.0375 0.0453125
2 0.27265625 0.16171875 0.0109375 0.040625
1 0.30078125 0.1515625 0.0359375 0.059375
1 0.34375 0.121875 0.021875 0.034375
1 0.2875 0.12734375 0.03125 0.040625