2 0.56484375 0.2859375 0.053125 0.165625
2 0.390625 0.37890625 0.05 0.1578125
2 0.41640625 0.07734375 0.06875 0.1484375
2 0.25 0.17578125 0.084375 0.215625
2 0.346875 0.4625 0.034375 0.146875
2 0.7578125 0.48515625 0.059375 0.1375
2 0.93984375 0.60390625 0.0640625 0.0921875
2 0.809375 0.69921875 0.034375 0.078125
2 0.4671875 0.71796875 0.021875 0.0734375
2 0.4515625 0.75546875 0.0125 0.05625
2 0.5046875 0.7515625 0.01875 0.0625
2 0.48828125 0.790625 0.0140625 0.053125
2 0.509375 0.83203125 0.0125 0.040625
2 0.73984375 0.78046875 0.01875 0.065625
2 0.821875 0.7765625 0.015625 0.053125
2 0.78828125 0.77578125 0.0203125 0.0578125
1 0.703125 0.828125 0.04375 0.05625
1 0.67109375 0.8453125 0.021875 0.0375
1 0.6515625 0.86015625 0.01875 0.0296875
0 0.8578125 0.10859375 0.28125 0.2171875
2 0.8078125 0.79609375 0.01875 0.046875
2 0.74375 0.8125 0.015625 0.04375
1 0.709375 0.85078125 0.0265625 0.040625
1 0.6703125 0.87421875 0.021875 0.0265625
1 0.29921875 0.79921875 0.0671875 0.0484375
1 0.3859375 0.83125 0.0359375 0.059375
1 0.12109375 0.72265625 0.1171875 0.0765625
2 0.5390625 0.89140625 0.00625 0.0328125
2 0.509375 0.8859375 0.00625 0.021875
2 0.5015625 0.8859375 0.00625 0.025
1 0.5125 0.903125 0.0125 0.03125
2 0.4890625 0.909375 0.0078125 0.0234375
2 0.4953125 0.9046875 0.003125 0.021875