2 0.56640625 0.16953125 0.103125 0.053125
2 0.37421875 0.840625 0.134375 0.05625
2 0.51171875 0.8375 0.1171875 0.053125
2 0.56015625 0.925 0.090625 0.053125
2 0.653125 0.609375 0.084375 0.0265625
3 0.540625 0.4859375 0.49375 0.146875
2 0.7890625 0.45 0.05 0.00625
2 0.7609375 0.440625 0.05 0.0125
2 0.7484375 0.5796875 0.059375 0.015625
2 0.796875 0.56328125 0.05 0.0109375
2 0.82734375 0.546875 0.0421875 0.00625
2 0.8265625 0.52890625 0.040625 0.0078125
2 0.72890625 0.9171875 0.0640625 0.034375
2 0.69140625 0.8921875 0.0640625 0.034375
2 0.67734375 0.934375 0.06875 0.0375
2 0.64921875 0.9703125 0.0796875 0.0375
2 0.60234375 0.99296875 0.0484375 0.0140625
1 0.7765625 0.753125 0.059375 0.04375
1 0.67265625 0.7390625 0.128125 0.1265625
2 0.7625 0.73671875 0.053125 0.0171875
2 0.7203125 0.8015625 0.034375 0.015625
1 0.71875 0.12421875 0.06875 0.11875
1 0.790625 0.2953125 0.053125 0.071875
1 0.82578125 0.3828125 0.0578125 0.034375
1 0.79375 0.78125 0.0734375 0.0625
1 0.8421875 0.6625 0.046875 0.03125
1 0.84375 0.70625 0.05 0.034375
2 0.8578125 0.678125 0.04375 0.0078125
2 0.8765625 0.6375 0.03125 0.0109375
2 0.853125 0.509375 0.034375 0.009375
2 0.86796875 0.540625 0.0328125 0.00625
2 0.87890625 0.5171875 0.025 0.00625
0 0.903125 0.534375 0.05 0.021875
2 0.88125 0.50078125 0.028125 0.00625
2 0.89453125 0.509375 0.025 0.00625
2 0.9 0.5140625 0.025 0.009375
2 0.88984375 0.48828125 0.0265625 0.0046875
2 0.9015625 0.5203125 0.01875 0.00625