2 0.64453125 0.609375 0.1640625 0.046875
2 0.70546875 0.17421875 0.196875 0.090625
2 0.6015625 0.25 0.159375 0.053125
2 0.403125 0.3578125 0.10625 0.0375
2 0.346875 0.4359375 0.1 0.0375
2 0.36875 0.5109375 0.090625 0.028125
2 0.29921875 0.49140625 0.0828125 0.025
2 0.27890625 0.290625 0.0578125 0.034375
2 0.24375 0.2984375 0.05625 0.046875
2 0.2375 0.2453125 0.0625 0.040625
2 0.275 0.153125 0.0765625 0.046875
2 0.2578125 0.13515625 0.06875 0.0328125
1 0.3265625 0.04296875 0.10625 0.0859375
1 0.23203125 0.37265625 0.071875 0.0859375
1 0.19375 0.465625 0.059375 0.04375
1 0.15703125 0.50078125 0.0421875 0.0296875
1 0.165625 0.6125 0.053125 0.0375
1 0.19609375 0.70078125 0.0515625 0.06875
2 0.17578125 0.25 0.0265625 0.015625
2 0.18515625 0.265625 0.0296875 0.0125
2 0.16953125 0.275 0.028125 0.009375
1 0.16171875 0.3046875 0.0578125 0.034375
1 0.1484375 0.328125 0.0375 0.025
2 0.12734375 0.325 0.0234375 0.009375
1 0.134375 0.34609375 0.03125 0.021875
2 0.18671875 0.2328125 0.028125 0.0140625
1 0.13828125 0.2890625 0.0375 0.025
2 0.1125 0.34609375 0.01875 0.0109375
2 0.11484375 0.35703125 0.0203125 0.009375