2 0.4578125 0.771875 0.0546875 0.1984375
2 0.61015625 0.646875 0.05 0.159375
2 0.69375 0.62265625 0.05703125 0.1625
2 0.40390625 0.31015625 0.025 0.08203125
2 0.4640625 0.27578125 0.02734375 0.084375
2 0.4984375 0.2453125 0.01796875 0.065625
2 0.51875 0.28359375 0.01953125 0.06953125
2 0.2015625 0.2765625 0.04921875 0.0609375
2 0.26171875 0.234375 0.0390625 0.0640625
2 0.315625 0.221875 0.0359375 0.053125
2 0.359375 0.2328125 0.03671875 0.065625
2 0.2171875 0.5203125 0.06953125 0.1015625
2 0.22578125 0.63984375 0.1046875 0.17109375
1 0.10703125 0.328125 0.15625 0.10546875
1 0.41953125 0.21015625 0.06796875 0.06484375
1 0.47734375 0.175 0.0328125 0.05234375
1 0.49609375 0.13828125 0.02109375 0.03515625
1 0.6140625 0.1609375 0.03671875 0.05234375
1 0.7015625 0.19453125 0.06953125 0.0515625
2 0.26484375 0.18203125 0.0109375 0.03046875
2 0.275 0.17109375 0.0109375 0.028125
1 0.30078125 0.16328125 0.03828125 0.05703125
1 0.32734375 0.1484375 0.02578125 0.03828125
1 0.3453125 0.1328125 0.02421875 0.03125
2 0.21015625 0.19140625 0.01875 0.03046875
2 0.225 0.19453125 0.01484375 0.028125
1 0.2890625 0.13828125 0.025 0.0375