2 0.93203125 0.353125 0.1359375 0.078125
2 0.75234375 0.2171875 0.190625 0.0625
2 0.4546875 0.284375 0.1125 0.075
2 0.390625 0.8828125 0.096875 0.059375
2 0.2125 0.34609375 0.04375 0.0140625
2 0.21328125 0.30546875 0.04375 0.0125
2 0.2109375 0.2828125 0.04375 0.0125
2 0.2140625 0.26015625 0.04375 0.0109375
2 0.20078125 0.47421875 0.0390625 0.0140625
2 0.1859375 0.51875 0.0375 0.009375
1 0.334375 0.1296875 0.08125 0.1375
1 0.29375 0.15078125 0.034375 0.08125
1 0.3046875 0.56484375 0.078125 0.10625
1 0.2828125 0.7890625 0.059375 0.1125
1 0.2265625 0.7 0.046875 0.06875
1 0.19765625 0.6140625 0.0515625 0.040625
1 0.1859375 0.32578125 0.053125 0.0265625