0 0.78984375 0.675 0.4203125 0.65
2 0.5796875 0.8203125 0.04765625 0.20390625
2 0.30546875 0.796875 0.0609375 0.196875
2 0.21640625 0.66796875 0.0609375 0.1609375
2 0.1296875 0.5859375 0.08203125 0.128125
2 0.278125 0.48203125 0.0484375 0.10859375
2 0.3953125 0.5234375 0.04453125 0.11953125
2 0.1046875 0.43671875 0.05078125 0.090625
2 0.44453125 0.26640625 0.01484375 0.0609375
2 0.4765625 0.240625 0.01171875 0.053125
2 0.38359375 0.2828125 0.03125 0.05546875
2 0.3390625 0.2140625 0.015625 0.040625
2 0.11796875 0.37109375 0.04453125 0.071875
2 0.1140625 0.31328125 0.03984375 0.0546875
2 0.88203125 0.40859375 0.0546875 0.084375
2 0.84921875 0.32578125 0.04765625 0.06796875
2 0.48984375 0.21171875 0.0109375 0.0421875
1 0.465625 0.81015625 0.13515625 0.37890625
1 0.4796875 0.35859375 0.0484375 0.1
1 0.21875 0.234375 0.07109375 0.075
1 0.70546875 0.23828125 0.075 0.0515625
1 0.89375 0.29921875 0.07578125 0.0765625
1 0.615625 0.209375 0.03515625 0.0484375
1 0.28046875 0.34375 0.0765625 0.09609375
2 0.540625 0.2078125 0.01171875 0.040625
2 0.48125 0.184375 0.00625 0.03203125
2 0.4921875 0.17421875 0.00703125 0.02890625
2 0.51015625 0.18515625 0.009375 0.02890625
2 0.46484375 0.14609375 0.00625 0.028125
2 0.4796875 0.159375 0.00859375 0.0234375
2 0.51875 0.16875 0.00546875 0.0265625
2 0.53125 0.171875 0.0078125 0.02890625
2 0.4734375 0.1375 0.00625 0.025
1 0.5109375 0.15625 0.0140625 0.0234375
2 0.4875 0.13046875 0.00390625 0.01953125
2 0.49375 0.1375 0.00703125 0.021875
2 0.5015625 0.14296875 0.00703125 0.025