2 0.43515625 0.7140625 0.053125 0.16640625
2 0.609375 0.62109375 0.04921875 0.15859375
2 0.58359375 0.92265625 0.06875 0.1484375
2 0.75 0.82421875 0.08359375 0.215625
2 0.653125 0.5375 0.03515625 0.146875
2 0.2421875 0.51484375 0.06015625 0.1375
2 0.06015625 0.39609375 0.0640625 0.09140625
2 0.190625 0.30078125 0.03359375 0.07890625
2 0.5328125 0.28203125 0.0203125 0.07265625
2 0.5484375 0.24453125 0.01328125 0.05625
2 0.4953125 0.2484375 0.01875 0.06328125
2 0.51171875 0.209375 0.0140625 0.05390625
2 0.490625 0.16796875 0.0125 0.04140625
2 0.26015625 0.21953125 0.01953125 0.06484375
2 0.178125 0.2234375 0.01640625 0.0515625
2 0.21171875 0.22421875 0.02109375 0.0578125
1 0.296875 0.171875 0.0453125 0.05546875
1 0.32890625 0.1546875 0.021875 0.0375
1 0.3484375 0.13984375 0.01953125 0.0296875
0 0.1421875 0.89140625 0.28046875 0.21640625
2 0.1921875 0.20390625 0.01796875 0.046875
2 0.25625 0.1875 0.01484375 0.04453125
1 0.290625 0.14921875 0.0265625 0.040625
1 0.3296875 0.12578125 0.0203125 0.0265625
1 0.70078125 0.20078125 0.0671875 0.0484375
1 0.6140625 0.16875 0.03671875 0.059375
1 0.87890625 0.27734375 0.1171875 0.0765625
2 0.4609375 0.10859375 0.00703125 0.03359375
2 0.490625 0.1140625 0.00625 0.021875
2 0.4984375 0.1140625 0.00625 0.025
1 0.4875 0.096875 0.01328125 0.03046875
2 0.5109375 0.090625 0.0078125 0.0234375
2 0.5046875 0.0953125 0.0046875 0.0234375