2 0.228125 0.91953125 0.0734375 0.1609375
2 0.1625 0.803125 0.08671875 0.225
2 0.075 0.646875 0.1125 0.1375
2 0.159375 0.54765625 0.05703125 0.14609375
2 0.2125 0.45859375 0.0453125 0.1109375
2 0.2140625 0.35546875 0.03359375 0.078125
2 0.3953125 0.46171875 0.02734375 0.10703125
2 0.3921875 0.284375 0.0328125 0.059375
2 0.2234375 0.28828125 0.03046875 0.065625
2 0.4765625 0.37109375 0.0234375 0.0890625
2 0.49609375 0.3171875 0.01875 0.07890625
2 0.884375 0.42734375 0.05546875 0.0765625
2 0.890625 0.36171875 0.04296875 0.04609375
2 0.5578125 0.25703125 0.01328125 0.05859375
2 0.49609375 0.2421875 0.01015625 0.04609375
2 0.48203125 0.20234375 0.0078125 0.0375
2 0.503125 0.2140625 0.00859375 0.03359375
2 0.5234375 0.215625 0.01171875 0.040625
2 0.4921875 0.1984375 0.0078125 0.03046875
2 0.53359375 0.19765625 0.01171875 0.0375
1 0.06875 0.4078125 0.1375 0.171875
1 0.3359375 0.39765625 0.071875 0.10703125
1 0.2515625 0.21796875 0.0453125 0.05546875
1 0.475 0.5953125 0.1015625 0.21796875
1 0.88125 0.3125 0.10703125 0.06953125
1 0.703125 0.23203125 0.0703125 0.0640625
1 0.6171875 0.20703125 0.03671875 0.05546875
2 0.45546875 0.17109375 0.00625 0.03359375
2 0.5 0.18359375 0.01328125 0.03046875
2 0.465625 0.1625 0.00546875 0.03046875
1 0.5140625 0.17421875 0.01328125 0.034375
2 0.484375 0.16015625 0.00546875 0.03203125
2 0.4921875 0.16484375 0.00703125 0.0234375
2 0.4984375 0.15078125 0.00703125 0.02109375