2 0.56171875 0.10703125 0.0640625 0.2140625
2 0.66640625 0.11875 0.0828125 0.221875
2 0.2203125 0.2109375 0.1125 0.234375
2 0.390625 0.3421875 0.05 0.18125
2 0.5671875 0.64140625 0.053125 0.096875
2 0.40390625 0.6890625 0.046875 0.06875
2 0.340625 0.7 0.046875 0.06875
2 0.91796875 0.60546875 0.0578125 0.0921875
1 0.76875 0.696875 0.121875 0.084375
2 0.753125 0.7515625 0.034375 0.0484375
2 0.70703125 0.7875 0.0140625 0.053125
2 0.73515625 0.82109375 0.0140625 0.0421875
2 0.5171875 0.8359375 0.0125 0.040625
2 0.53984375 0.88203125 0.0078125 0.021875
2 0.51484375 0.85625 0.0078125 0.025
2 0.24296875 0.71328125 0.0453125 0.0640625
2 0.2515625 0.65546875 0.0515625 0.08125
2 0.09921875 0.68203125 0.0453125 0.0703125
1 0.8828125 0.7265625 0.115625 0.084375
1 0.284375 0.74375 0.078125 0.059375
1 0.29921875 0.8 0.065625 0.053125
1 0.38671875 0.83046875 0.0328125 0.053125
2 0.51640625 0.87734375 0.009375 0.0234375
1 0.69765625 0.83125 0.0390625 0.0515625
1 0.6734375 0.84921875 0.028125 0.034375
1 0.653125 0.86328125 0.01875 0.0328125
1 0.7109375 0.8546875 0.0296875 0.0375
2 0.5203125 0.8921875 0.00625 0.01875