2 0.15234375 0.83125 0.08125 0.19296875
2 0.2375 0.6171875 0.05078125 0.15703125
2 0.1296875 0.615625 0.0671875 0.13046875
2 0.21484375 0.45390625 0.0375 0.1140625
2 0.10546875 0.35234375 0.028125 0.09296875
2 0.1296875 0.35859375 0.03359375 0.0890625
2 0.228125 0.33046875 0.02890625 0.08046875
2 0.43984375 0.31796875 0.0171875 0.06953125
2 0.46953125 0.28515625 0.015625 0.0625
2 0.534375 0.371875 0.02421875 0.09140625
2 0.6 0.4625 0.03359375 0.1
2 0.7296875 0.30859375 0.04609375 0.0640625
2 0.884375 0.38515625 0.05703125 0.09609375
2 0.7859375 0.2625 0.03203125 0.05546875
2 0.7984375 0.2765625 0.03515625 0.0609375
2 0.53125 0.28984375 0.015625 0.0703125
2 0.525 0.23046875 0.0109375 0.0484375
2 0.4796875 0.2109375 0.0140625 0.04140625
2 0.28359375 0.20625 0.01484375 0.04296875
2 0.3109375 0.1984375 0.0109375 0.05
2 0.20078125 0.24921875 0.0171875 0.06015625
2 0.0640625 0.2796875 0.0359375 0.05546875
2 0.06953125 0.33046875 0.03203125 0.0640625
2 0.653125 0.83828125 0.06484375 0.1984375
1 0.8765625 0.29140625 0.12109375 0.06640625
1 0.703125 0.21875 0.06953125 0.0515625
1 0.615625 0.18359375 0.0359375 0.0609375
1 0.5125 0.19453125 0.0265625 0.046875
1 0.2953125 0.165625 0.03046875 0.04296875
2 0.3234375 0.16640625 0.00859375 0.03359375
2 0.35078125 0.1484375 0.0078125 0.03046875
2 0.475 0.18046875 0.00703125 0.028125
2 0.46875 0.1359375 0.00546875 0.025
1 0.503125 0.13046875 0.01484375 0.03046875
2 0.5234375 0.140625 0.00703125 0.028125
2 0.478125 0.11796875 0.00546875 0.01953125
2 0.475 0.1 0.00546875 0.021875
3 0.490625 0.10625 0.0140625 0.0375