2 0.83046875 0.43359375 0.053125 0.103125
2 0.159375 0.62578125 0.05625 0.134375
2 0.1625 0.48828125 0.05234375 0.11796875
2 0.075 0.43984375 0.05234375 0.090625
2 0.390625 0.346875 0.0265625 0.084375
3 0.5140625 0.459375 0.14609375 0.49453125
2 0.55 0.2109375 0.00703125 0.05
2 0.559375 0.2390625 0.0125 0.04921875
2 0.4203125 0.2515625 0.0140625 0.0609375
2 0.43671875 0.203125 0.01171875 0.05078125
2 0.453125 0.17265625 0.0078125 0.04140625
2 0.47109375 0.1734375 0.0078125 0.03984375
2 0.0828125 0.27109375 0.0328125 0.06484375
2 0.1078125 0.30859375 0.03515625 0.06484375
2 0.065625 0.32265625 0.03828125 0.06875
2 0.0296875 0.35078125 0.0375 0.0796875
2 0.00703125 0.39765625 0.0140625 0.0484375
1 0.246875 0.2234375 0.04375 0.0609375
1 0.2609375 0.32734375 0.12578125 0.12890625
2 0.26328125 0.2375 0.01796875 0.05390625
2 0.1984375 0.2796875 0.01484375 0.03359375
1 0.87578125 0.28125 0.11875 0.06796875
1 0.7046875 0.209375 0.07265625 0.053125
1 0.6171875 0.17421875 0.0359375 0.05703125
1 0.21875 0.20625 0.0625 0.0734375
1 0.3375 0.1578125 0.0296875 0.04609375
1 0.29375 0.15625 0.03515625 0.0484375
2 0.321875 0.1421875 0.0078125 0.04296875
2 0.3625 0.1234375 0.01015625 0.03046875
2 0.490625 0.146875 0.00859375 0.034375
2 0.459375 0.13203125 0.00703125 0.03359375
2 0.4828125 0.12109375 0.00625 0.025
0 0.465625 0.096875 0.021875 0.0484375
2 0.49921875 0.11875 0.00625 0.02890625
2 0.490625 0.10546875 0.00703125 0.025
2 0.4859375 0.1 0.0078125 0.025
2 0.51171875 0.11015625 0.0046875 0.0265625
2 0.4796875 0.0984375 0.00546875 0.01953125