2 0.59609375 0.6390625 0.040625 0.14375
2 0.790625 0.94140625 0.109375 0.1171875
2 0.09296875 0.3375 0.0390625 0.0890625
2 0.34140625 0.29453125 0.01875 0.0671875
2 0.37109375 0.2953125 0.025 0.06875
2 0.590625 0.46484375 0.028125 0.1078125
2 0.884375 0.39765625 0.05 0.0921875
2 0.85078125 0.321875 0.0484375 0.06875
2 0.80625 0.29375 0.0375 0.0625
2 0.6953125 0.3140625 0.046875 0.071875
2 0.66328125 0.2984375 0.034375 0.0625
2 0.55859375 0.32109375 0.0203125 0.0796875
2 0.51640625 0.30859375 0.0171875 0.06875
2 0.52265625 0.26796875 0.0125 0.04375
2 0.57734375 0.24921875 0.0296875 0.0453125
3 0.1890625 0.29296875 0.090625 0.15625
1 0.2703125 0.38984375 0.103125 0.1296875
1 0.340625 0.521875 0.096875 0.159375
1 0.440625 0.76640625 0.146875 0.4046875
1 0.703125 0.23125 0.059375 0.0484375
1 0.61796875 0.20390625 0.034375 0.0609375
1 0.903125 0.30546875 0.05625 0.0828125
2 0.490625 0.19453125 0.009375 0.0328125
2 0.3453125 0.159375 0.00625 0.028125
2 0.5046875 0.15546875 0.00625 0.025
2 0.51875 0.16796875 0.00625 0.0296875
2 0.4984375 0.140625 0.00625 0.025
1 0.48671875 0.1234375 0.0109375 0.025
0 0.50078125 0.109375 0.0140625 0.0375