2 0.1765625 0.71640625 0.06484375 0.175
2 0.3375 0.6078125 0.06015625 0.15703125
2 0.43828125 0.8890625 0.0671875 0.221875
2 0.60390625 0.6140625 0.04375 0.171875
2 0.4265625 0.33515625 0.05859375 0.084375
2 0.284375 0.33125 0.05234375 0.08203125
2 0.621875 0.36796875 0.05625 0.0890625
2 0.18828125 0.56484375 0.06328125 0.12578125
2 0.04375 0.365625 0.06875 0.08125
2 0.14296875 0.3484375 0.04453125 0.07890625
2 0.134375 0.28984375 0.046875 0.0703125
2 0.21328125 0.278125 0.053125 0.0703125
2 0.06328125 0.45625 0.08046875 0.096875
2 0.034375 0.51484375 0.06875 0.10390625
2 0.0953125 0.33828125 0.040625 0.0875
2 0.09921875 0.26640625 0.0296875 0.05625
2 0.053125 0.27578125 0.0390625 0.06015625
2 0.06015625 0.25078125 0.03046875 0.04453125
2 0.01640625 0.23671875 0.03203125 0.053125
2 0.35625 0.2421875 0.0328125 0.059375
2 0.41015625 0.23671875 0.021875 0.059375
2 0.565625 0.2078125 0.02890625 0.0546875
2 0.79921875 0.2640625 0.03125 0.06484375
2 0.7640625 0.2875 0.046875 0.075
1 0.8234375 0.33125 0.0421875 0.07421875
1 0.69921875 0.1984375 0.06875 0.04609375
1 0.5953125 0.275 0.1078125 0.0796875
1 0.61328125 0.1671875 0.03828125 0.053125
1 0.30078125 0.16875 0.0390625 0.0625
1 0.33203125 0.15234375 0.02421875 0.0375
1 0.2890625 0.14453125 0.02890625 0.0390625
2 0.3453125 0.1171875 0.00703125 0.0265625
1 0.365625 0.11640625 0.02421875 0.0359375