2 0.0875 0.303125 0.04921875 0.08984375
2 0.37265625 0.91640625 0.0796875 0.1671875
2 0.2828125 0.51953125 0.0640625 0.12734375
2 0.47578125 0.246875 0.0171875 0.07109375
2 0.50078125 0.37578125 0.02890625 0.09296875
2 0.51953125 0.3046875 0.02265625 0.078125
2 0.5609375 0.4109375 0.028125 0.11171875
2 0.59765625 0.36328125 0.02734375 0.0984375
2 0.790625 0.92890625 0.0984375 0.1421875
2 0.790625 0.3359375 0.053125 0.0796875
2 0.20234375 0.1875 0.01484375 0.04921875
2 0.225 0.18125 0.0109375 0.04921875
2 0.2421875 0.17890625 0.0125 0.04140625
2 0.2546875 0.178125 0.01484375 0.046875
2 0.30703125 0.19296875 0.01484375 0.05234375
1 0.8734375 0.27109375 0.05859375 0.08359375
1 0.9171875 0.29609375 0.06171875 0.09453125
1 0.69921875 0.18671875 0.0765625 0.0515625
1 0.6125 0.159375 0.0421875 0.05390625
2 0.271875 0.16796875 0.01328125 0.0390625
1 0.303125 0.16171875 0.03828125 0.05390625
1 0.2890625 0.1359375 0.02890625 0.04140625
1 0.3296875 0.14375 0.0203125 0.040625
1 0.346875 0.128125 0.0203125 0.03203125
1 0.3359375 0.11171875 0.03203125 0.034375
1 0.3625 0.1140625 0.01796875 0.03046875
2 0.4515625 0.12109375 0.0078125 0.03046875
2 0.4625 0.12734375 0.0078125 0.03203125
1 0.48359375 0.10390625 0.0171875 0.0390625
2 0.490625 0.121875 0.0078125 0.028125
2 0.5109375 0.10703125 0.0078125 0.025
2 0.5171875 0.09765625 0.00703125 0.0234375
1 0.48359375 0.078125 0.0140625 0.025