2 0.3890625 0.6265625 0.09375 0.028125
2 0.48125 0.62578125 0.115625 0.0265625
2 0.29375 0.5046875 0.0703125 0.015625
2 0.2953125 0.46484375 0.075 0.015625
2 0.346875 0.45078125 0.078125 0.0234375
2 0.4265625 0.39609375 0.109375 0.028125
2 0.5453125 0.3515625 0.1375 0.0375
2 0.35234375 0.1484375 0.0796875 0.034375
2 0.403125 0.13125 0.08125 0.025
2 0.45234375 0.16015625 0.1015625 0.0421875
2 0.33828125 0.18984375 0.08125 0.0359375
2 0.3171875 0.2125 0.078125 0.025
2 0.28984375 0.2375 0.071875 0.025
2 0.2234375 0.39375 0.053125 0.021875
2 0.171875 0.4890625 0.0375 0.0125
2 0.184375 0.26640625 0.040625 0.0109375
2 0.73828125 0.15859375 0.1984375 0.065625
2 0.3765625 0.8828125 0.096875 0.05625
0 0.11953125 0.4515625 0.071875 0.03125
1 0.19375 0.296875 0.046875 0.04375
1 0.26953125 0.153125 0.1109375 0.096875
1 0.48046875 0.484375 0.1921875 0.075
1 0.35546875 0.5625 0.1421875 0.05625
1 0.3578125 0.3125 0.153125 0.1125
1 0.2796875 0.875 0.078125 0.125
1 0.20390625 0.703125 0.05 0.075
1 0.171875 0.615625 0.0484375 0.04375
2 0.15625 0.50390625 0.034375 0.0078125
2 0.13984375 0.48125 0.0296875 0.00625
2 0.1328125 0.49140625 0.028125 0.00625
2 0.121875 0.48671875 0.0234375 0.00625
2 0.125 0.5046875 0.021875 0.00625
2 0.1390625 0.51796875 0.03125 0.0078125
2 0.125 0.52109375 0.03125 0.0078125
2 0.1046875 0.4828125 0.021875 0.00625
2 0.109375 0.49453125 0.025 0.0078125