2 0.91796875 0.3515625 0.0328125 0.07265625
2 0.8859375 0.38984375 0.0515625 0.08828125
2 0.81015625 0.35390625 0.0546875 0.07890625
1 0.8546875 0.290625 0.11171875 0.09140625
2 0.81328125 0.31328125 0.040625 0.06171875
2 0.69921875 0.36015625 0.0546875 0.0859375
2 0.2484375 0.28828125 0.040625 0.06328125
2 0.22265625 0.27890625 0.028125 0.05859375
2 0.34375 0.27578125 0.0375 0.05703125
2 0.43359375 0.2203125 0.0171875 0.05234375
2 0.41015625 0.23359375 0.025 0.05234375
2 0.4796875 0.1890625 0.01015625 0.0390625
2 0.49609375 0.19921875 0.01328125 0.0421875
2 0.34609375 0.203125 0.01484375 0.05234375
2 0.30703125 0.20859375 0.0140625 0.046875
2 0.2796875 0.209375 0.015625 0.04609375
2 0.26015625 0.2078125 0.01328125 0.0421875
2 0.06875 0.27421875 0.0359375 0.0578125
2 0.10078125 0.29453125 0.03984375 0.0609375
1 0.40546875 0.3125 0.1125 0.075
1 0.70234375 0.22265625 0.06875 0.059375
1 0.61484375 0.19140625 0.0375 0.05
1 0.02890625 0.35390625 0.0578125 0.08046875
1 0.328125 0.18515625 0.03515625 0.0484375
1 0.2953125 0.17265625 0.0296875 0.04609375
2 0.3171875 0.16640625 0.00859375 0.028125
2 0.33828125 0.15078125 0.0078125 0.0265625