2 0.31328125 0.7390625 0.059375 0.1859375
2 0.171875 0.84375 0.09453125 0.19296875
2 0.2890625 0.9703125 0.078125 0.059375
2 0.5328125 0.7078125 0.05625 0.1984375
2 0.634375 0.6671875 0.05703125 0.184375
2 0.6703125 0.540625 0.04296875 0.121875
2 0.60625 0.453125 0.03515625 0.109375
2 0.5296875 0.40703125 0.01484375 0.0859375
2 0.55390625 0.4734375 0.025 0.11640625
2 0.53828125 0.34765625 0.021875 0.09296875
2 0.40625 0.3796875 0.01953125 0.09609375
2 0.43828125 0.38359375 0.021875 0.096875
2 0.390625 0.34296875 0.01640625 0.08359375
2 0.88515625 0.39453125 0.0640625 0.08359375
2 0.7171875 0.3140625 0.05390625 0.078125
2 0.46875 0.25 0.015625 0.06484375
2 0.48203125 0.2859375 0.0171875 0.0625
2 0.4234375 0.2625 0.0171875 0.06328125
2 0.34453125 0.21875 0.01328125 0.04140625
2 0.25 0.22578125 0.0203125 0.04765625
2 0.165625 0.26640625 0.0140625 0.05625
2 0.18125 0.290625 0.025 0.0640625
2 0.221875 0.29375 0.0296875 0.0671875
2 0.1296875 0.30078125 0.01015625 0.06484375
2 0.14453125 0.32265625 0.02578125 0.07734375
2 0.09453125 0.30078125 0.02890625 0.06484375
2 0.10234375 0.35390625 0.02890625 0.08203125
2 0.065625 0.3296875 0.03125 0.06015625
2 0.04296875 0.39765625 0.03828125 0.1015625
2 0.040625 0.35625 0.04140625 0.04453125
2 0.03671875 0.52109375 0.0609375 0.13046875
2 0.0203125 0.4734375 0.0390625 0.1140625
1 0.621875 0.26875 0.07265625 0.065625
1 0.296875 0.2140625 0.04609375 0.0640625
1 0.34375 0.178125 0.03359375 0.04140625
1 0.615625 0.196875 0.03828125 0.0515625
1 0.7015625 0.2328125 0.07421875 0.05390625
1 0.2828125 0.1859375 0.03359375 0.04453125
2 0.5015625 0.18125 0.0078125 0.034375
2 0.465625 0.153125 0.00703125 0.02890625
2 0.5125 0.15 0.00703125 0.03359375
1 0.4890625 0.12890625 0.01171875 0.028125