2 0.9078125 0.14921875 0.184375 0.0796875
2 0.778125 0.453125 0.190625 0.0484375
2 0.65078125 0.609375 0.178125 0.05
2 0.5640625 0.38828125 0.146875 0.0453125
2 0.49609375 0.0984375 0.140625 0.096875
2 0.421875 0.7890625 0.10625 0.059375
2 0.3109375 0.86484375 0.06875 0.0515625
2 0.296875 0.93203125 0.05625 0.0359375
2 0.28671875 0.55625 0.0578125 0.04375
2 0.2984375 0.02890625 0.078125 0.0578125
2 0.23671875 0.253125 0.0671875 0.025
2 0.178125 0.26328125 0.04375 0.015625
2 0.75703125 0.2796875 0.2109375 0.078125
1 0.296875 0.14375 0.1 0.128125
1 0.26484375 0.36796875 0.0875 0.1
1 0.2 0.7 0.0625 0.065625
1 0.16171875 0.61328125 0.0546875 0.0359375
1 0.23125 0.58359375 0.06875 0.0703125
1 0.159375 0.3015625 0.05625 0.0375
1 0.1484375 0.3265625 0.040625 0.028125
1 0.134375 0.3453125 0.034375 0.025
2 0.0953125 0.46640625 0.01875 0.00625
2 0.08515625 0.471875 0.0171875 0.00625
2 0.11875 0.4921875 0.0234375 0.0078125
2 0.0984375 0.48828125 0.015625 0.0078125
2 0.1265625 0.5046875 0.025 0.009375