2 0.83046875 0.43359375 0.053125 0.103125
2 0.159375 0.62578125 0.05625 0.134375
2 0.1625 0.48828125 0.053125 0.1171875
2 0.075 0.43984375 0.053125 0.090625
2 0.390625 0.346875 0.025 0.084375
3 0.5140625 0.459375 0.146875 0.49375
2 0.55 0.2109375 0.00625 0.05
2 0.559375 0.2390625 0.0125 0.05
2 0.4203125 0.2515625 0.015625 0.059375
2 0.43671875 0.203125 0.0109375 0.05
2 0.453125 0.17265625 0.00625 0.0421875
2 0.47109375 0.1734375 0.0078125 0.040625
2 0.0828125 0.27109375 0.034375 0.0640625
2 0.1078125 0.30859375 0.034375 0.0640625
2 0.065625 0.32265625 0.0375 0.06875
2 0.0296875 0.35078125 0.0375 0.0796875
2 0.00703125 0.39765625 0.0140625 0.0484375
1 0.246875 0.2234375 0.04375 0.059375
1 0.2609375 0.32734375 0.125 0.1296875
2 0.26328125 0.2375 0.0171875 0.053125
2 0.1984375 0.2796875 0.015625 0.034375
1 0.87578125 0.28125 0.11875 0.06875
1 0.7046875 0.209375 0.071875 0.053125
1 0.6171875 0.17421875 0.034375 0.0578125
1 0.21875 0.20625 0.0625 0.075
1 0.3375 0.1578125 0.03125 0.046875
1 0.29375 0.15625 0.034375 0.05
2 0.321875 0.1421875 0.00625 0.04375
2 0.3625 0.1234375 0.009375 0.03125
2 0.490625 0.146875 0.009375 0.034375
2 0.459375 0.13203125 0.00625 0.034375
2 0.4828125 0.12109375 0.00625 0.025
0 0.465625 0.096875 0.021875 0.05
2 0.49921875 0.11875 0.00625 0.028125
2 0.490625 0.10546875 0.00625 0.025
2 0.4859375 0.1 0.009375 0.025
2 0.51171875 0.11015625 0.0046875 0.0265625
2 0.4796875 0.0984375 0.00625 0.01875