2 0.61875 0.45078125 0.040625 0.1375
2 0.6953125 0.67890625 0.04375 0.071875
2 0.7453125 0.7171875 0.0375 0.053125
2 0.8859375 0.59921875 0.04375 0.090625
2 0.86953125 0.628125 0.0390625 0.071875
2 0.8515625 0.68125 0.05 0.0625
2 0.3671875 0.70859375 0.028125 0.0609375
2 0.3359375 0.73984375 0.0125 0.065625
2 0.51484375 0.715625 0.0375 0.05625
2 0.5546875 0.5765625 0.025 0.103125
2 0.5515625 0.64140625 0.01875 0.0546875
2 0.5796875 0.75703125 0.025 0.053125
2 0.22265625 0.73125 0.0203125 0.06875
2 0.20703125 0.7421875 0.015625 0.065625
2 0.5296875 0.79921875 0.015625 0.0484375
1 0.365625 0.4 0.10625 0.215625
1 0.29375 0.58828125 0.1125 0.1421875
1 0.034375 0.66640625 0.06875 0.1046875
1 0.4484375 0.0671875 0.184375 0.134375
3 0.315625 0.8140625 0.046875 0.078125
1 0.7015625 0.7671875 0.06875 0.053125
1 0.615625 0.80546875 0.0375 0.0546875
2 0.50625 0.81484375 0.00625 0.040625
2 0.4984375 0.8375 0.00625 0.028125
2 0.521875 0.84375 0.00625 0.028125
2 0.4625 0.8578125 0.00625 0.021875
2 0.46796875 0.86171875 0.00625 0.0265625
1 0.48671875 0.8671875 0.0140625 0.03125
2 0.515625 0.85703125 0.00625 0.025
0 0.50546875 0.8875 0.015625 0.0390625