2 0.47265625 0.2 0.1203125 0.040625
2 0.57734375 0.225 0.1453125 0.0375
2 0.66875 0.2734375 0.1625 0.046875
2 0.840625 0.1234375 0.215625 0.084375
2 0.87890625 0.203125 0.2296875 0.071875
2 0.6984375 0.56875 0.184375 0.053125
2 0.3453125 0.88359375 0.078125 0.05
2 0.40234375 0.5421875 0.0953125 0.021875
2 0.49765625 0.53359375 0.128125 0.034375
2 0.37109375 0.43828125 0.0828125 0.0234375
2 0.334375 0.5015625 0.084375 0.01875
2 0.31875 0.559375 0.078125 0.01875
2 0.28359375 0.58359375 0.071875 0.0171875
2 0.26484375 0.55234375 0.05625 0.015625
2 0.30078125 0.5296875 0.075 0.015625
2 0.24375 0.51640625 0.0625 0.0109375
2 0.2234375 0.48671875 0.046875 0.0125
2 0.3046875 0.01640625 0.05625 0.0328125
2 0.36640625 0.02734375 0.0734375 0.0390625
1 0.196875 0.296875 0.05 0.040625
2 0.2046875 0.321875 0.05 0.0125
2 0.19609375 0.5296875 0.0484375 0.0125
2 0.15625 0.47890625 0.03125 0.0078125
2 0.153125 0.52421875 0.04375 0.0109375
2 0.1875 0.50859375 0.046875 0.0140625
2 0.1640625 0.471875 0.034375 0.00625
2 0.1484375 0.49609375 0.034375 0.009375
2 0.20859375 0.49453125 0.05 0.0078125
2 0.18203125 0.48515625 0.0359375 0.009375
1 0.6890625 0.434375 0.434375 0.153125
1 0.28984375 0.878125 0.0796875 0.11875
1 0.20859375 0.70546875 0.05 0.0671875
1 0.246875 0.2203125 0.06875 0.065625
1 0.3578125 0.1015625 0.159375 0.115625
1 0.175 0.6171875 0.05625 0.034375
0 0.265625 0.396875 0.228125 0.096875
1 0.1578125 0.2921875 0.04375 0.028125
1 0.15859375 0.31875 0.046875 0.03125
1 0.128125 0.34375 0.040625 0.0203125
1 0.14453125 0.35625 0.0328125 0.021875
1 0.12890625 0.375 0.0328125 0.01875
2 0.13046875 0.45859375 0.0328125 0.00625
2 0.121875 0.47890625 0.028125 0.00625
2 0.11953125 0.4875 0.028125 0.00625
2 0.109375 0.496875 0.025 0.00625
2 0.11875 0.5078125 0.028125 0.00625