1 0.1984375 0.3 0.0515625 0.0703125
1 0.16796875 0.3875 0.053125 0.0375
1 0.16875 0.6984375 0.059375 0.040625
1 0.1515625 0.6703125 0.040625 0.025
1 0.2765625 0.5625 0.084375 0.109375
2 0.21796875 0.6125 0.0515625 0.028125
2 0.2390625 0.66171875 0.059375 0.0328125
2 0.31328125 0.690625 0.065625 0.03125
2 0.328125 0.65390625 0.075 0.0453125
2 0.353125 0.690625 0.084375 0.059375
2 0.5265625 0.69296875 0.128125 0.0546875
2 0.6453125 0.39140625 0.175 0.046875
2 0.8890625 0.565625 0.221875 0.059375
2 0.45859375 0.88046875 0.1 0.053125
2 0.534375 0.878125 0.121875 0.0625
2 0.3328125 0.490625 0.071875 0.05
2 0.2609375 0.42578125 0.059375 0.0421875
2 0.3046875 0.37109375 0.078125 0.0484375
2 0.33046875 0.3296875 0.08125 0.053125
2 0.1609375 0.4921875 0.05 0.0140625
2 0.1765625 0.53125 0.046875 0.0140625
2 0.1765625 0.565625 0.046875 0.0125
2 0.1703125 0.72578125 0.0375 0.0140625
2 0.1609375 0.6515625 0.040625 0.009375
1 0.14375 0.7109375 0.0375 0.028125
2 0.128125 0.6734375 0.025 0.009375
2 0.12578125 0.6625 0.028125 0.0078125
1 0.265625 0.0734375 0.06875 0.0390625
2 0.334375 0.0421875 0.071875 0.040625
1 0.334375 0.984375 0.08125 0.03125
1 0.1296875 0.646875 0.03125 0.021875