2 0.6203125 0.90703125 0.065625 0.1859375
2 0.6359375 0.7296875 0.065625 0.190625
2 0.7390625 0.90078125 0.096875 0.1984375
2 0.79375 0.771875 0.071875 0.190625
2 0.69375 0.7125 0.059375 0.2
2 0.671875 0.50546875 0.05 0.1328125
2 0.53125 0.515625 0.0375 0.128125
2 0.4625 0.52734375 0.040625 0.1375
2 0.515625 0.403125 0.03125 0.1
2 0.5546875 0.340625 0.028125 0.090625
2 0.58125 0.30234375 0.025 0.0828125
2 0.525 0.27421875 0.021875 0.0671875
2 0.4578125 0.2890625 0.025 0.08125
2 0.0984375 0.4171875 0.075 0.109375
2 0.1796875 0.28359375 0.028125 0.0796875
2 0.159375 0.23046875 0.021875 0.0640625
2 0.19453125 0.21796875 0.0171875 0.0640625
2 0.1078125 0.290625 0.025 0.06875
2 0.06875 0.29375 0.03125 0.078125
2 0.096875 0.24375 0.01875 0.059375
2 0.11796875 0.253125 0.028125 0.053125
2 0.3328125 0.17578125 0.0125 0.05
2 0.52109375 0.18984375 0.015625 0.0515625
2 0.49296875 0.1609375 0.0109375 0.04375
2 0.5296875 0.1609375 0.009375 0.040625
2 0.5078125 0.1359375 0.00625 0.0375
0 0.18515625 0.7203125 0.3703125 0.559375
1 0.875 0.26640625 0.115625 0.06875
1 0.70234375 0.18828125 0.071875 0.0546875
1 0.6140625 0.15859375 0.034375 0.05625
1 0.2796875 0.175 0.046875 0.059375
1 0.31796875 0.1484375 0.0265625 0.0375
1 0.34296875 0.1328125 0.01875 0.0359375