2 0.2734375 0.34609375 0.04765625 0.096875
2 0.49765625 0.653125 0.04375 0.1640625
2 0.60546875 0.60859375 0.0453125 0.16953125
2 0.68828125 0.68359375 0.059375 0.18046875
2 0.58515625 0.44921875 0.0359375 0.12109375
2 0.4546875 0.378125 0.0265625 0.10859375
2 0.48125 0.328125 0.0515625 0.075
2 0.83125 0.33359375 0.05234375 0.08359375
2 0.446875 0.14765625 0.0109375 0.04609375
2 0.46484375 0.14765625 0.00859375 0.040625
2 0.4796875 0.13984375 0.0078125 0.0359375
2 0.4578125 0.13359375 0.00703125 0.03984375
2 0.5078125 0.115625 0.01171875 0.04375
2 0.3578125 0.14140625 0.01015625 0.040625
2 0.33203125 0.15 0.01328125 0.0453125
2 0.2625 0.1640625 0.0109375 0.0515625
2 0.228125 0.17578125 0.021875 0.05703125
1 0.70078125 0.30078125 0.1390625 0.1125
1 0.9328125 0.2671875 0.0625 0.06171875
1 0.70078125 0.18203125 0.07265625 0.0484375
1 0.6140625 0.15390625 0.03828125 0.04609375
2 0.27265625 0.16171875 0.0109375 0.040625
1 0.30078125 0.1515625 0.03515625 0.06015625
1 0.34375 0.121875 0.02265625 0.03359375
1 0.2875 0.12734375 0.0296875 0.040625