2 0.88125 0.3890625 0.0578125 0.08046875
2 0.2171875 0.74296875 0.06328125 0.19140625
2 0.1078125 0.53984375 0.06484375 0.1234375
2 0.21796875 0.4359375 0.078125 0.096875
2 0.12265625 0.3296875 0.0515625 0.0875
1 0.21953125 0.36953125 0.1609375 0.09140625
2 0.20703125 0.3015625 0.040625 0.04140625
2 0.9109375 0.29765625 0.04765625 0.065625
2 0.5328125 0.24765625 0.01171875 0.0453125
1 0.328125 0.2640625 0.09609375 0.0390625
2 0.34609375 0.2265625 0.01328125 0.04296875
2 0.325 0.2234375 0.0125 0.0390625
2 0.3046875 0.21015625 0.0109375 0.04453125
2 0.28203125 0.209375 0.01015625 0.04375
2 0.2609375 0.21015625 0.009375 0.03671875
2 0.24453125 0.2125 0.01171875 0.04765625
1 0.31875 0.3078125 0.11171875 0.0734375
1 0.725 0.2921875 0.10625 0.08203125
1 0.7 0.225 0.07421875 0.053125
1 0.6140625 0.1921875 0.03046875 0.0484375
1 0.52421875 0.2109375 0.0390625 0.04453125