3 0.56171875 0.77265625 0.3453125 0.45390625
2 0.7015625 0.7578125 0.06484375 0.209375
2 0.8875 0.3734375 0.05703125 0.0859375
2 0.85 0.29453125 0.05078125 0.06640625
2 0.78125 0.2703125 0.04453125 0.07109375
2 0.778125 0.3703125 0.03671875 0.09609375
2 0.6828125 0.28984375 0.0484375 0.065625
2 0.6546875 0.2765625 0.0484375 0.0640625
2 0.61328125 0.36640625 0.03125 0.0890625
2 0.5671875 0.33203125 0.01796875 0.0890625
2 0.43515625 0.2859375 0.02109375 0.08046875
2 0.375 0.2984375 0.0390625 0.071875
2 0.37890625 0.26484375 0.02109375 0.06328125
2 0.4828125 0.21328125 0.015625 0.053125
2 0.53671875 0.17421875 0.0171875 0.0375
2 0.25 0.1984375 0.0203125 0.05
2 0.346875 0.16796875 0.01015625 0.0453125
2 0.2984375 0.16484375 0.015625 0.03828125
1 0.253125 0.3828125 0.13515625 0.1234375
1 0.1703125 0.31484375 0.09453125 0.08203125
1 0.50234375 0.325 0.053125 0.1109375
1 0.70546875 0.20390625 0.0671875 0.04453125
1 0.6203125 0.17578125 0.02890625 0.0625
1 0.9125 0.27421875 0.059375 0.05703125
3 0.4875 0.16875 0.02265625 0.05390625