2 0.609375 0.64453125 0.04609375 0.1640625
2 0.17421875 0.70546875 0.090625 0.196875
2 0.25 0.6015625 0.05234375 0.15859375
2 0.3578125 0.403125 0.03671875 0.10703125
2 0.4359375 0.346875 0.03828125 0.1015625
2 0.5109375 0.36875 0.02890625 0.090625
2 0.49140625 0.29921875 0.025 0.08203125
2 0.290625 0.27890625 0.03515625 0.0578125
2 0.2984375 0.24375 0.04609375 0.05703125
2 0.2453125 0.2375 0.040625 0.0609375
2 0.153125 0.275 0.04609375 0.0765625
2 0.13515625 0.2578125 0.0328125 0.06796875
1 0.04296875 0.3265625 0.0859375 0.10546875
1 0.37265625 0.23203125 0.08515625 0.071875
1 0.465625 0.19375 0.04296875 0.059375
1 0.50078125 0.15703125 0.02890625 0.04140625
1 0.6125 0.165625 0.0390625 0.053125
1 0.70078125 0.19609375 0.06953125 0.0515625
2 0.25 0.17578125 0.01484375 0.0265625
2 0.265625 0.18515625 0.0125 0.02890625
2 0.275 0.16953125 0.01015625 0.028125
1 0.3046875 0.16171875 0.0359375 0.0578125
1 0.328125 0.1484375 0.02421875 0.03828125
2 0.325 0.12734375 0.01015625 0.0234375
1 0.34609375 0.134375 0.02265625 0.03125
2 0.2328125 0.18671875 0.0140625 0.02890625
1 0.2890625 0.13828125 0.02578125 0.0375
2 0.34609375 0.1125 0.0109375 0.01953125
2 0.35703125 0.11484375 0.009375 0.02109375