2 0.40390625 0.6390625 0.040625 0.14375
2 0.209375 0.94140625 0.109375 0.1171875
2 0.90703125 0.3375 0.0390625 0.0875
2 0.65859375 0.29453125 0.01875 0.0671875
2 0.62890625 0.2953125 0.025 0.06875
2 0.409375 0.46484375 0.028125 0.1078125
2 0.115625 0.39765625 0.05 0.0921875
2 0.14921875 0.321875 0.0484375 0.06875
2 0.19375 0.29375 0.0375 0.0625
2 0.3046875 0.3140625 0.046875 0.071875
2 0.33671875 0.2984375 0.034375 0.0625
2 0.44140625 0.32109375 0.0203125 0.0796875
2 0.48359375 0.30859375 0.0171875 0.06875
2 0.47734375 0.26796875 0.0125 0.04375
2 0.42265625 0.24921875 0.0296875 0.0453125
3 0.8109375 0.29296875 0.090625 0.15625
1 0.7296875 0.38984375 0.103125 0.1296875
1 0.659375 0.521875 0.096875 0.159375
1 0.559375 0.76640625 0.146875 0.40625
1 0.296875 0.23125 0.059375 0.05
1 0.38203125 0.20390625 0.034375 0.0609375
1 0.096875 0.30546875 0.05625 0.0828125
2 0.509375 0.19453125 0.009375 0.0328125
2 0.6546875 0.159375 0.00625 0.028125
2 0.4953125 0.15546875 0.00625 0.025
2 0.48125 0.16796875 0.00625 0.0296875
2 0.5015625 0.140625 0.00625 0.025
1 0.51328125 0.1234375 0.0109375 0.025
0 0.49921875 0.109375 0.0140625 0.0375