2 0.334375 0.83203125 0.0625 0.2109375
2 0.396875 0.75390625 0.04765625 0.203125
2 0.0953125 0.45859375 0.06015625 0.125
2 0.02265625 0.36015625 0.0453125 0.07109375
2 0.57890625 0.32890625 0.0234375 0.075
2 0.5375 0.31953125 0.02109375 0.075
2 0.5203125 0.26953125 0.01875 0.0640625
2 0.7734375 0.38046875 0.05625 0.08359375
1 0.190625 0.28984375 0.07890625 0.09296875
2 0.15390625 0.26875 0.01640625 0.05625
2 0.26796875 0.2546875 0.01640625 0.06015625
2 0.2484375 0.2453125 0.0203125 0.0546875
2 0.23203125 0.22578125 0.01640625 0.04140625
2 0.4390625 0.21015625 0.01328125 0.05
2 0.35546875 0.1984375 0.0109375 0.046875
1 0.8796875 0.29453125 0.12265625 0.06640625
2 0.8546875 0.3140625 0.04921875 0.065625
3 0.3296875 0.534375 0.1734375 0.28359375
1 0.7015625 0.2171875 0.06484375 0.04609375
1 0.61328125 0.184375 0.0328125 0.0515625
1 0.53359375 0.21796875 0.034375 0.06640625
1 0.49765625 0.1796875 0.0265625 0.05390625
1 0.2953125 0.1640625 0.03046875 0.04140625
1 0.765625 0.86953125 0.21640625 0.2609375
3 0.56171875 0.7921875 0.203125 0.415625