2 0.5578125 0.75546875 0.05078125 0.2
2 0.63359375 0.9765625 0.0734375 0.046875
2 0.36953125 0.6453125 0.0484375 0.1484375
2 0.20625 0.5109375 0.04765625 0.096875
2 0.24921875 0.40859375 0.05 0.0890625
2 0.0453125 0.39140625 0.0390625 0.075
2 0.0375 0.59296875 0.07421875 0.10546875
2 0.38203125 0.43203125 0.03125 0.10859375
2 0.42734375 0.36875 0.03125 0.09296875
2 0.8859375 0.40390625 0.05546875 0.0796875
2 0.85078125 0.31796875 0.05078125 0.0625
2 0.5484375 0.5140625 0.034375 0.12109375
2 0.38515625 0.27734375 0.03046875 0.06171875
2 0.31015625 0.23203125 0.0171875 0.0640625
2 0.021875 0.334375 0.0359375 0.06640625
2 0.45234375 0.21484375 0.0109375 0.04296875
2 0.475 0.2015625 0.0125 0.0359375
0 0.659375 0.50703125 0.21328125 0.48359375
1 0.46875 0.584375 0.0921875 0.2140625
1 0.2296875 0.33046875 0.09765625 0.078125
1 0.1875 0.2515625 0.078125 0.0859375
1 0.70078125 0.2359375 0.075 0.046875
1 0.9 0.3015625 0.06640625 0.08359375
1 0.6171875 0.2078125 0.04296875 0.059375
1 0.4828125 0.30625 0.04375 0.084375
2 0.4828125 0.18125 0.009375 0.02890625
2 0.509375 0.165625 0.0078125 0.025
2 0.5359375 0.18515625 0.0078125 0.03203125
2 0.4796875 0.14296875 0.00546875 0.025
2 0.4890625 0.153125 0.00625 0.025
2 0.4671875 0.13046875 0.00546875 0.025
1 0.509375 0.1421875 0.01328125 0.0234375
2 0.51875 0.153125 0.00546875 0.0234375
2 0.5296875 0.15703125 0.00703125 0.025
2 0.475 0.1234375 0.00703125 0.021875
2 0.4921875 0.121875 0.00546875 0.02109375