2 0.6671875 0.61953125 0.046875 0.146875
2 0.5671875 0.5703125 0.04375 0.121875
2 0.8765625 0.540625 0.0625 0.115625
2 0.97578125 0.45390625 0.0484375 0.0953125
2 0.1171875 0.403125 0.059375 0.0875
2 0.165625 0.33984375 0.05 0.0734375
2 0.13671875 0.325 0.0203125 0.071875
2 0.22109375 0.30390625 0.0328125 0.0671875
2 0.2421875 0.2828125 0.040625 0.059375
2 0.321875 0.32421875 0.05 0.065625
2 0.4390625 0.2359375 0.0140625 0.046875
2 0.4734375 0.21328125 0.0109375 0.04375
2 0.62578125 0.32578125 0.0328125 0.06875
2 0.62109375 0.30234375 0.0265625 0.0671875
1 0.76171875 0.275 0.059375 0.0625
2 0.78359375 0.2484375 0.0125 0.05625
2 0.69765625 0.21875 0.0109375 0.05
1 0.6375 0.459375 0.121875 0.146875
1 0.753125 0.38203125 0.090625 0.096875
1 0.946875 0.328125 0.10625 0.084375
1 0.2984375 0.2375 0.06875 0.04375
1 0.3828125 0.209375 0.0375 0.05625
1 0.09375 0.30703125 0.059375 0.0671875
1 0.47734375 0.9015625 0.1921875 0.196875
3 0.5 0.42890625 0.0625 0.1453125
2 0.4953125 0.1921875 0.009375 0.034375
2 0.484375 0.17578125 0.00625 0.034375
2 0.475 0.1796875 0.0125 0.034375
2 0.4765625 0.15859375 0.009375 0.021875
2 0.465625 0.18515625 0.009375 0.040625