2 0.165625 0.42734375 0.04921875 0.10234375
2 0.4390625 0.890625 0.0671875 0.20859375
2 0.6109375 0.6515625 0.0546875 0.16875
2 0.603125 0.3546875 0.053125 0.08515625
2 0.771875 0.32734375 0.04765625 0.078125
2 0.87265625 0.28515625 0.0421875 0.06640625
2 0.3625 0.25625 0.0421875 0.06015625
2 0.53671875 0.29921875 0.0421875 0.065625
2 0.5234375 0.340625 0.0421875 0.0875
2 0.49375 0.31796875 0.0375 0.07265625
2 0.4515625 0.1890625 0.01640625 0.05390625
2 0.471875 0.16875 0.0125 0.04375
2 0.45390625 0.13515625 0.0125 0.0359375
2 0.48046875 0.13828125 0.009375 0.0328125
2 0.4875 0.1234375 0.0078125 0.0296875
2 0.30859375 0.1953125 0.01484375 0.0484375
2 0.265625 0.18125 0.0125 0.04296875
1 0.1453125 0.32265625 0.13203125 0.09609375
1 0.234375 0.2734375 0.11171875 0.071875
2 0.0140625 0.4015625 0.02734375 0.096875
1 0.70078125 0.2015625 0.0640625 0.05
1 0.61171875 0.1671875 0.0359375 0.0515625
1 0.7953125 0.26015625 0.08984375 0.06796875
1 0.3046875 0.1703125 0.03203125 0.04609375
1 0.2890625 0.146875 0.02734375 0.04296875
1 0.3234375 0.153125 0.03046875 0.03359375
1 0.3453125 0.140625 0.02265625 0.03046875
2 0.9671875 0.32421875 0.0375 0.0734375