2 0.578125 0.60390625 0.025 0.0890625
2 0.6546875 0.2578125 0.053125 0.190625
2 0.53125 0.6453125 0.025 0.071875
2 0.53046875 0.69140625 0.009375 0.04375
2 0.340625 0.728125 0.01875 0.065625
2 0.36875 0.7078125 0.025 0.0625
2 0.17265625 0.71484375 0.028125 0.0765625
2 0.1078125 0.65078125 0.040625 0.0875
2 0.8828125 0.603125 0.059375 0.0875
2 0.85 0.6828125 0.05 0.06875
2 0.69453125 0.68671875 0.053125 0.065625
2 0.65390625 0.73359375 0.0359375 0.0515625
2 0.5875 0.71015625 0.040625 0.0609375
2 0.5171875 0.78671875 0.021875 0.04375
1 0.28125 0.6046875 0.096875 0.121875
1 0.34609375 0.4609375 0.10625 0.16875
1 0.4484375 0.18359375 0.18125 0.3671875
1 0.903125 0.6953125 0.05625 0.08125
1 0.7046875 0.7671875 0.06875 0.053125
1 0.61484375 0.8015625 0.034375 0.059375
3 0.2671875 0.77109375 0.0625 0.109375
2 0.8484375 0.71875 0.0375 0.0578125
2 0.50625 0.83046875 0.00625 0.0328125
2 0.521875 0.821875 0.009375 0.0359375
2 0.4984375 0.85 0.00625 0.028125
1 0.4875 0.871875 0.0125 0.028125
0 0.5015625 0.8921875 0.01875 0.040625