2 0.83125 0.62578125 0.0625 0.140625
2 0.815625 0.80390625 0.08125 0.1796875
2 0.7265625 0.77578125 0.071875 0.2046875
2 0.64375 0.75703125 0.065625 0.2140625
2 0.115625 0.40390625 0.059375 0.090625
2 0.153125 0.325 0.046875 0.075
2 0.221875 0.29765625 0.0375 0.0625
2 0.32265625 0.27734375 0.0359375 0.05625
2 0.32109375 0.3265625 0.0453125 0.065625
2 0.44296875 0.29453125 0.0171875 0.0609375
2 0.6296875 0.3265625 0.034375 0.071875
2 0.6234375 0.29921875 0.025 0.0640625
2 0.45859375 0.2328125 0.0140625 0.046875
2 0.48203125 0.25234375 0.01875 0.05
2 0.48359375 0.2015625 0.0046875 0.040625
2 0.47578125 0.215625 0.0109375 0.040625
1 0.5765625 0.55078125 0.109375 0.209375
1 0.703125 0.4328125 0.103125 0.128125
1 0.815625 0.353125 0.1125 0.10625
3 0.45390625 0.8015625 0.121875 0.359375
1 0.29453125 0.234375 0.0671875 0.046875
1 0.103125 0.309375 0.065625 0.078125
1 0.3828125 0.209375 0.040625 0.0484375
1 0.6953125 0.21796875 0.034375 0.05
2 0.48046875 0.18125 0.00625 0.03125
2 0.4625 0.19296875 0.0125 0.0421875
2 0.6421875 0.16796875 0.009375 0.0421875