2 0.36484375 0.4421875 0.0796875 0.053125
2 0.353125 0.3609375 0.071875 0.05625
2 0.375 0.23125 0.071875 0.0578125
2 0.42890625 0.0453125 0.0953125 0.04375
2 0.3890625 0.884375 0.090625 0.05625
2 0.35 0.70859375 0.078125 0.0453125
2 0.28125 0.55703125 0.065625 0.0421875
2 0.271875 0.49609375 0.065625 0.0359375
2 0.2703125 0.4359375 0.0578125 0.034375
2 0.28828125 0.3828125 0.0625 0.0375
2 0.25703125 0.30859375 0.05625 0.0375
2 0.27578125 0.27109375 0.0609375 0.0359375
2 0.30625 0.22265625 0.059375 0.0421875
2 0.28984375 0.17109375 0.0640625 0.05
2 0.31015625 0.0921875 0.071875 0.05625
2 0.20546875 0.2640625 0.046875 0.009375
2 0.21015625 0.28203125 0.046875 0.0140625
2 0.20625 0.30703125 0.040625 0.0125
2 0.20234375 0.3390625 0.04375 0.009375
2 0.19765625 0.35625 0.0453125 0.009375
1 0.3078125 0.671875 0.078125 0.1125
1 0.221875 0.703125 0.053125 0.06875
1 0.19375 0.615625 0.0515625 0.03125
1 0.1796875 0.328125 0.046875 0.03125
1 0.16875 0.2953125 0.04375 0.028125
2 0.14765625 0.3375 0.0234375 0.0078125
2 0.14609375 0.3484375 0.03125 0.00625
2 0.1390625 0.4828125 0.025 0.00625
2 0.134375 0.4921875 0.025 0.00625