2 0.328125 0.0796875 0.0734375 0.159375
2 0.484375 0.371875 0.0359375 0.16875
2 0.51875 0.5140625 0.034375 0.115625
2 0.7 0.11484375 0.078125 0.215625
2 0.73203125 0.690625 0.0546875 0.06875
2 0.88203125 0.61953125 0.0609375 0.0953125
2 0.2359375 0.6296875 0.028125 0.0875
2 0.1421875 0.609375 0.03125 0.0875
2 0.065625 0.58359375 0.046875 0.1046875
2 0.1046875 0.640625 0.034375 0.1
2 0.19921875 0.68125 0.025 0.065625
2 0.13515625 0.690625 0.028125 0.08125
2 0.08515625 0.74765625 0.0390625 0.0625
2 0.00625 0.58359375 0.0125 0.0609375
2 0.1921875 0.73203125 0.0234375 0.0546875
2 0.2328125 0.76328125 0.021875 0.046875
2 0.46171875 0.8 0.0140625 0.05
2 0.5421875 0.7953125 0.0125 0.046875
2 0.2953125 0.80625 0.009375 0.0375
2 0.30625 0.8 0.01875 0.04375
1 0.55625 0.66328125 0.075 0.1078125
1 0.8796875 0.70234375 0.128125 0.0828125
1 0.703125 0.7828125 0.071875 0.0515625
1 0.61875 0.809375 0.0375 0.05625
1 0.50546875 0.8234375 0.0296875 0.05625
2 0.4515625 0.846875 0.00625 0.028125
2 0.46015625 0.8375 0.009375 0.028125
2 0.4796875 0.8421875 0.009375 0.03125
2 0.475 0.83359375 0.00625 0.0328125
2 0.4578125 0.8671875 0.00625 0.028125
2 0.4671875 0.85625 0.00625 0.025
2 0.4703125 0.87421875 0.009375 0.0234375
3 0.49140625 0.871875 0.0171875 0.046875
2 0.521875 0.8546875 0.00625 0.021875
2 0.51484375 0.87109375 0.00625 0.0203125
1 0.29609375 0.8328125 0.0328125 0.04375
2 0.321875 0.834375 0.009375 0.028125
2 0.3296875 0.840625 0.009375 0.03125
2 0.3625 0.85078125 0.00625 0.028125
2 0.796875 0.7140625 0.034375 0.040625
2 0.79375 0.73359375 0.0296875 0.04375