2 0.3828125 0.7734375 0.0546875 0.20546875
2 0.5734375 0.55390625 0.04296875 0.14453125
2 0.634375 0.72109375 0.06484375 0.16640625
2 0.675 0.6625 0.04296875 0.15859375
2 0.6359375 0.89296875 0.08515625 0.2140625
2 0.2546875 0.60390625 0.059375 0.18359375
2 0.340625 0.4765625 0.03046875 0.121875
2 0.16640625 0.37890625 0.0375 0.1
2 0.0984375 0.3546875 0.0421875 0.08203125
2 0.225 0.29453125 0.02265625 0.071875
2 0.26484375 0.290625 0.028125 0.071875
2 0.33125 0.3265625 0.034375 0.071875
2 0.4875 0.284375 0.03515625 0.0640625
2 0.48125 0.471875 0.02734375 0.115625
2 0.43125 0.41328125 0.03046875 0.109375
2 0.8828125 0.3984375 0.05390625 0.08359375
2 0.11328125 0.27109375 0.02578125 0.07109375
2 0.1265625 0.303125 0.02890625 0.0703125
2 0.16328125 0.31640625 0.03125 0.053125
2 0.1859375 0.2890625 0.021875 0.053125
2 0.1734375 0.253125 0.01953125 0.05703125
2 0.20703125 0.27265625 0.0125 0.0515625
2 0.48515625 0.21640625 0.01171875 0.04609375
1 0.765625 0.284375 0.08828125 0.05546875
1 0.703125 0.2296875 0.06484375 0.0484375
1 0.6125 0.19765625 0.04375 0.05390625
1 0.31875 0.196875 0.03359375 0.05703125
2 0.2453125 0.23359375 0.0109375 0.046875
2 0.2546875 0.20390625 0.01484375 0.0390625
1 0.28359375 0.178125 0.0265625 0.03359375
2 0.19453125 0.24296875 0.0109375 0.046875
2 0.225 0.2484375 0.0140625 0.046875
2 0.2359375 0.21953125 0.01015625 0.0390625
2 0.334375 0.16171875 0.00546875 0.0234375
3 0.3515625 0.16796875 0.025 0.04140625
2 0.3671875 0.1828125 0.00859375 0.03203125
2 0.46015625 0.17421875 0.00625 0.03203125
2 0.5109375 0.1703125 0.0078125 0.034375
1 0.4875 0.14921875 0.0171875 0.03203125
1 0.48984375 0.121875 0.0109375 0.02109375