2 0.590625 0.12578125 0.1 0.0375
2 0.54609375 0.0953125 0.1109375 0.059375
2 0.340625 0.1921875 0.16875 0.05625
2 0.475 0.65625 0.1375 0.0375
2 0.57109375 0.828125 0.10625 0.0453125
2 0.77578125 0.18046875 0.0484375 0.0359375
1 0.678125 0.2421875 0.121875 0.128125
2 0.75 0.19921875 0.04375 0.025
1 0.66328125 0.1 0.109375 0.10625
1 0.5703125 0.55859375 0.134375 0.0828125
1 0.715625 0.878125 0.08125 0.134375
1 0.7890625 0.7046875 0.059375 0.0734375
1 0.8203125 0.615625 0.065625 0.03125
1 0.79140625 0.27734375 0.065625 0.05
3 0.653125 0.41640625 0.128125 0.053125
3 0.82734375 0.48828125 0.13125 0.0515625
2 0.8046875 0.3328125 0.0375 0.009375
1 0.846875 0.29453125 0.0375 0.0296875
2 0.83125 0.2984375 0.0265625 0.00625
2 0.82890625 0.31171875 0.0328125 0.0109375
2 0.83515625 0.3359375 0.0328125 0.009375
2 0.85703125 0.334375 0.028125 0.0078125
3 0.834375 0.5171875 0.053125 0.015625
3 0.834375 0.459375 0.05 0.015625
2 0.8453125 0.44375 0.034375 0.009375
2 0.88203125 0.46015625 0.0328125 0.0078125
2 0.89453125 0.4703125 0.0203125 0.00625
0 0.921875 0.4734375 0.034375 0.0125
2 0.87109375 0.515625 0.034375 0.009375