2 0.1171875 0.3875 0.059375 0.084375
2 0.46640625 0.3546875 0.053125 0.08125
2 0.36796875 0.27890625 0.0390625 0.059375
2 0.4390625 0.2734375 0.034375 0.065625
2 0.503125 0.2734375 0.0375 0.053125
2 0.53984375 0.29296875 0.04375 0.065625
2 0.72265625 0.3703125 0.0578125 0.08125
2 0.78203125 0.35390625 0.0546875 0.0765625
2 0.87734375 0.50703125 0.0578125 0.1078125
2 0.83828125 0.31875 0.0484375 0.065625
2 0.79375 0.2796875 0.046875 0.05625
2 0.86953125 0.30390625 0.03125 0.065625
2 0.90703125 0.38359375 0.0578125 0.071875
2 0.959375 0.3171875 0.059375 0.065625
2 0.7296875 0.19609375 0.009375 0.040625
2 0.6953125 0.21015625 0.0125 0.0421875
2 0.71640625 0.20546875 0.0140625 0.0484375
1 0.259375 0.29765625 0.121875 0.078125
1 0.296875 0.22265625 0.06875 0.0484375
1 0.3828125 0.190625 0.0375 0.05625
1 0.66875 0.17578125 0.0359375 0.0484375
2 0.5265625 0.15234375 0.009375 0.0328125
2 0.503125 0.14453125 0.00625 0.0359375
2 0.66015625 0.20078125 0.0125 0.0375
2 0.63984375 0.1921875 0.0109375 0.040625
1 0.703125 0.16875 0.028125 0.040625
2 0.65 0.14453125 0.00625 0.025
2 0.6390625 0.13515625 0.00625 0.0265625