2 0.68671875 0.66640625 0.046875 0.075
2 0.88359375 0.609375 0.05625 0.084375
2 0.8328125 0.64296875 0.05 0.071875
2 0.26015625 0.71796875 0.0375 0.05625
2 0.21640625 0.740625 0.0359375 0.05
2 0.1390625 0.71484375 0.034375 0.0546875
1 0.0640625 0.653125 0.128125 0.09375
2 0.11328125 0.7015625 0.0421875 0.059375
2 0.4703125 0.73984375 0.01875 0.05625
2 0.346875 0.790625 0.0125 0.05
2 0.30390625 0.790625 0.0109375 0.04375
2 0.28203125 0.7890625 0.0125 0.040625
2 0.26171875 0.78984375 0.009375 0.040625
2 0.46796875 0.78984375 0.0171875 0.040625
2 0.475 0.80234375 0.0125 0.0421875
1 0.3359375 0.684375 0.103125 0.08125
1 0.784375 0.703125 0.115625 0.08125
1 0.7015625 0.775 0.065625 0.05625
1 0.61484375 0.8078125 0.0390625 0.059375