2 0.11875 0.89375 0.10703125 0.2125
2 0.2359375 0.73125 0.06875 0.190625
2 0.4390625 0.64921875 0.0515625 0.159375
2 0.3796875 0.58125 0.06484375 0.15703125
2 0.5890625 0.690625 0.05078125 0.16796875
2 0.68515625 0.7078125 0.0546875 0.16796875
2 0.7171875 0.88671875 0.09921875 0.20390625
2 0.4015625 0.34765625 0.04140625 0.07890625
2 0.42265625 0.265625 0.0265625 0.065625
2 0.884375 0.39765625 0.05703125 0.08203125
2 0.03828125 0.38671875 0.053125 0.07890625
2 0.26015625 0.29921875 0.0296875 0.06796875
2 0.2984375 0.253125 0.02109375 0.0515625
2 0.465625 0.23671875 0.01640625 0.05078125
2 0.2296875 0.30078125 0.02265625 0.059375
2 0.18125 0.296875 0.02421875 0.06015625
2 0.16328125 0.278125 0.015625 0.06171875
2 0.14765625 0.25703125 0.0203125 0.0640625
2 0.2140625 0.27265625 0.01171875 0.0578125
2 0.2 0.25625 0.009375 0.053125
2 0.25703125 0.2578125 0.01640625 0.04375
2 0.23359375 0.253125 0.01796875 0.04140625
2 0.26875 0.21953125 0.0109375 0.0390625
2 0.4578125 0.1875 0.009375 0.03671875
2 0.50546875 0.1875 0.01015625 0.0375
1 0.3234375 0.1984375 0.040625 0.05
1 0.8875 0.34140625 0.15703125 0.103125
1 0.8484375 0.290625 0.10703125 0.04140625
1 0.7 0.228125 0.06796875 0.05703125
1 0.615625 0.196875 0.0375 0.06640625