2 0.33203125 0.946875 0.071875 0.0375
2 0.23828125 0.6328125 0.0484375 0.028125
2 0.23203125 0.55234375 0.0578125 0.015625
2 0.31796875 0.484375 0.0796875 0.021875
2 0.2671875 0.24921875 0.053125 0.0265625
2 0.28359375 0.2359375 0.059375 0.0375
2 0.3109375 0.2703125 0.065625 0.04375
2 0.38671875 0.115625 0.0890625 0.05625
2 0.18671875 0.65 0.0390625 0.009375
2 0.19375 0.68203125 0.046875 0.0109375
2 0.20078125 0.69921875 0.0359375 0.0109375
2 0.20546875 0.7171875 0.0484375 0.015625
2 0.2140625 0.76875 0.04375 0.021875
1 0.29765625 0.1375 0.0765625 0.121875
1 0.21484375 0.2984375 0.0484375 0.0734375
1 0.18828125 0.3859375 0.0515625 0.03125