2 0.378125 0.76875 0.0625 0.21875
2 0.1875 0.43359375 0.05625 0.1109375
2 0.6734375 0.515625 0.046875 0.140625
2 0.8359375 0.625 0.071875 0.15625
2 0.8109375 0.4390625 0.05 0.10625
2 0.90546875 0.39140625 0.05 0.0921875
2 0.95625 0.42109375 0.05 0.0953125
2 0.725 0.253125 0.01875 0.059375
2 0.42734375 0.28359375 0.0171875 0.0703125
2 0.696875 0.19765625 0.0125 0.040625
2 0.709375 0.1875 0.0125 0.0375
3 0.58125 0.7890625 0.175 0.421875
3 0.51015625 0.14453125 0.03125 0.096875
3 0.54921875 0.221875 0.0265625 0.06875
1 0.11875 0.2875 0.11875 0.06875
1 0.29609375 0.2109375 0.0765625 0.05
1 0.38359375 0.178125 0.0390625 0.046875
1 0.3921875 0.46171875 0.1 0.1734375
1 0.815625 0.315625 0.14375 0.10625
1 0.75546875 0.2296875 0.0515625 0.059375
1 0.478125 0.271875 0.05 0.0875
1 0.70390625 0.159375 0.0296875 0.040625
2 0.65703125 0.15078125 0.0078125 0.0328125
2 0.646875 0.1609375 0.009375 0.03125
3 0.5375 0.13984375 0.0125 0.0375
3 0.484375 0.14453125 0.015625 0.040625
2 0.5328125 0.1109375 0.00625 0.021875
2 0.490625 0.11328125 0.0078125 0.0265625
0 0.5265625 0.07578125 0.009375 0.0296875