2 0.2203125 0.74375 0.059375 0.1984375
2 0.165625 0.68046875 0.0515625 0.18046875
2 0.5171875 0.36953125 0.02265625 0.09140625
2 0.88125 0.39296875 0.05703125 0.08046875
1 0.39375 0.30078125 0.10703125 0.09609375
2 0.34375 0.21328125 0.0078125 0.0375
2 0.353125 0.2203125 0.0140625 0.04921875
2 0.32265625 0.22265625 0.0109375 0.0515625
2 0.30546875 0.21171875 0.01171875 0.04453125
2 0.28125 0.209375 0.01171875 0.0453125
2 0.2609375 0.2109375 0.0109375 0.046875
2 0.24296875 0.21015625 0.0140625 0.04296875
1 0.24296875 0.309375 0.1078125 0.09296875
1 0.078125 0.3765625 0.15546875 0.103125
1 0.590625 0.26015625 0.07734375 0.0625
1 0.7015625 0.225 0.06953125 0.05
1 0.6109375 0.19296875 0.03671875 0.053125
1 0.3265625 0.184375 0.03828125 0.046875
2 0.340625 0.20078125 0.00703125 0.03203125
1 0.296875 0.171875 0.0265625 0.040625
2 0.33515625 0.15390625 0.0125 0.0359375
2 0.3640625 0.159375 0.00859375 0.03046875
2 0.5 0.1328125 0.00859375 0.03203125
2 0.49375 0.14453125 0.00625 0.028125
2 0.05234375 0.315625 0.028125 0.028125
1 0.94921875 0.29921875 0.0765625 0.07109375
2 0.9703125 0.55234375 0.059375 0.1015625