2 0.0453125 0.6296875 0.0609375 0.08125
2 0.14921875 0.75703125 0.0328125 0.0609375
2 0.88359375 0.61640625 0.0578125 0.0859375
2 0.73203125 0.73046875 0.01875 0.0546875
2 0.7140625 0.7171875 0.028125 0.05625
2 0.6953125 0.6921875 0.046875 0.065625
2 0.509375 0.765625 0.01875 0.053125
2 0.2796875 0.7921875 0.0125 0.046875
2 0.2984375 0.8 0.009375 0.04375
2 0.3125 0.8 0.0125 0.04375
2 0.34375 0.80625 0.01875 0.0421875
2 0.4265625 0.7890625 0.015625 0.04375
1 0.85 0.70078125 0.11875 0.0734375
1 0.7015625 0.7828125 0.0734375 0.0484375
1 0.6171875 0.8109375 0.0375 0.053125
2 0.3265625 0.83203125 0.009375 0.028125
1 0.35078125 0.8390625 0.0296875 0.040625
1 0.296875 0.83125 0.0296875 0.040625
2 0.45703125 0.821875 0.009375 0.0375
2 0.51953125 0.85234375 0.0078125 0.0296875
2 0.4640625 0.859375 0.00625 0.0265625
2 0.484375 0.87421875 0.00625 0.0203125
2 0.5 0.87421875 0.009375 0.0234375
2 0.50625 0.88203125 0.0046875 0.015625
2 0.5109375 0.89140625 0.003125 0.0140625
2 0.82578125 0.73359375 0.0328125 0.0328125