2 0.14609375 0.13125 0.2109375 0.090625
2 0.5734375 0.83125 0.109375 0.046875
2 0.4078125 0.17890625 0.140625 0.0546875
2 0.50234375 0.35546875 0.115625 0.034375
2 0.515625 0.12421875 0.115625 0.0578125
2 0.596875 0.06015625 0.090625 0.0484375
2 0.63515625 0.0671875 0.0734375 0.05625
2 0.66875 0.09921875 0.06875 0.0453125
2 0.67890625 0.15625 0.075 0.04375
2 0.69921875 0.20078125 0.0671875 0.0234375
2 0.76484375 0.1625 0.0546875 0.025
3 0.35625 0.52890625 0.7125 0.3578125
2 0.684375 0.40625 0.084375 0.0125
2 0.746875 0.4265625 0.0625 0.015625
2 0.7109375 0.5734375 0.059375 0.0125
2 0.75703125 0.56875 0.0421875 0.0125
2 0.82734375 0.49453125 0.0359375 0.0078125
2 0.79609375 0.46953125 0.0515625 0.0109375
2 0.790625 0.446875 0.05 0.0125
1 0.66796875 0.2734375 0.1359375 0.125
1 0.7125 0.8703125 0.075 0.115625
1 0.790625 0.7015625 0.05 0.06875
1 0.8234375 0.615625 0.05 0.0375
1 0.77578125 0.2625 0.065625 0.046875
1 0.815625 0.25546875 0.053125 0.0484375