2 0.625 0.1046875 0.0625 0.209375
2 0.690625 0.275 0.05 0.175
2 0.1328125 0.51171875 0.0625 0.1125
2 0.621875 0.59453125 0.0625 0.0953125
2 0.8625 0.63828125 0.04375 0.084375
2 0.884375 0.59921875 0.053125 0.071875
2 0.4359375 0.77890625 0.015625 0.046875
2 0.47734375 0.7765625 0.0125 0.05
2 0.38671875 0.74609375 0.03125 0.05
2 0.36171875 0.75703125 0.0140625 0.05
2 0.32109375 0.76171875 0.0109375 0.0515625
1 0.2328125 0.7 0.103125 0.084375
2 0.2046875 0.75625 0.009375 0.04375
2 0.21640625 0.75390625 0.009375 0.0296875
2 0.23828125 0.76328125 0.0078125 0.0296875
2 0.2546875 0.7640625 0.009375 0.034375
2 0.28203125 0.74765625 0.0140625 0.0546875
1 0.0359375 0.68828125 0.071875 0.0875
1 0.6796875 0.66015625 0.140625 0.0953125
1 0.7015625 0.7703125 0.071875 0.053125
1 0.615625 0.80546875 0.04375 0.05
1 0.4828125 0.80625 0.034375 0.04375
1 0.325 0.815625 0.0375 0.053125