2 0.621875 0.76875 0.06171875 0.21796875
2 0.8125 0.43359375 0.05703125 0.1109375
2 0.3265625 0.515625 0.0453125 0.140625
2 0.1640625 0.625 0.071875 0.15546875
2 0.1890625 0.4390625 0.05078125 0.10546875
2 0.09453125 0.39140625 0.05 0.09140625
2 0.04375 0.42109375 0.04921875 0.09453125
2 0.275 0.253125 0.01796875 0.059375
2 0.57265625 0.28359375 0.0171875 0.07109375
2 0.303125 0.19765625 0.01328125 0.040625
2 0.290625 0.1875 0.01171875 0.0359375
3 0.41875 0.7890625 0.175 0.421875
3 0.48984375 0.14453125 0.03125 0.096875
3 0.45078125 0.221875 0.0265625 0.06796875
1 0.88125 0.2875 0.11953125 0.06953125
1 0.70390625 0.2109375 0.0765625 0.05
1 0.61640625 0.178125 0.0390625 0.04609375
1 0.6078125 0.46171875 0.09921875 0.1734375
1 0.184375 0.315625 0.14375 0.10703125
1 0.24453125 0.2296875 0.0515625 0.059375
1 0.521875 0.271875 0.04921875 0.0890625
1 0.29609375 0.159375 0.0296875 0.040625
2 0.34296875 0.15078125 0.0078125 0.03203125
2 0.353125 0.1609375 0.00859375 0.03046875
3 0.4625 0.13984375 0.01328125 0.0375
3 0.515625 0.14453125 0.015625 0.04140625
2 0.4671875 0.1109375 0.00703125 0.021875
2 0.509375 0.11328125 0.0078125 0.0265625
0 0.4734375 0.07578125 0.0109375 0.02890625