2 0.24296875 0.709375 0.0453125 0.065625
2 0.24609375 0.1046875 0.10625 0.209375
2 0.78125 0.2765625 0.06875 0.1859375
2 0.64765625 0.57578125 0.06875 0.1046875
2 0.98671875 0.51953125 0.0265625 0.0828125
2 0.7890625 0.696875 0.040625 0.075
2 0.115625 0.60859375 0.0515625 0.084375
1 0.48828125 0.80703125 0.028125 0.0359375
2 0.459375 0.796875 0.0125 0.046875
1 0.703125 0.63671875 0.159375 0.109375
1 0.7171875 0.70390625 0.11875 0.0640625
2 0.67265625 0.765625 0.0109375 0.05
2 0.69453125 0.7921875 0.0109375 0.046875
2 0.7171875 0.78984375 0.015625 0.0484375
2 0.75625 0.78671875 0.009375 0.0453125
2 0.7421875 0.790625 0.009375 0.04375
1 0.62109375 0.740625 0.0859375 0.075
1 0.3828125 0.7078125 0.103125 0.084375
1 0.29765625 0.778125 0.0703125 0.05
1 0.38515625 0.8109375 0.0375 0.05
1 0.6765625 0.8203125 0.028125 0.04375