2 0.9125 0.696875 0.05 0.090625
2 0.62734375 0.08359375 0.0796875 0.1671875
2 0.7171875 0.48046875 0.065625 0.1265625
2 0.52421875 0.753125 0.0171875 0.071875
2 0.49921875 0.62421875 0.0296875 0.0921875
2 0.48046875 0.6953125 0.0234375 0.078125
2 0.4390625 0.5890625 0.028125 0.1125
2 0.40234375 0.63671875 0.0265625 0.0984375
2 0.209375 0.07109375 0.1 0.1421875
2 0.209375 0.6640625 0.053125 0.078125
2 0.79765625 0.8125 0.0140625 0.05
2 0.775 0.81875 0.0125 0.05
2 0.7578125 0.82109375 0.0125 0.040625
2 0.7453125 0.821875 0.015625 0.046875
2 0.69296875 0.80703125 0.0140625 0.0515625
1 0.1265625 0.72890625 0.059375 0.0828125
1 0.0828125 0.70390625 0.0625 0.0953125
1 0.30078125 0.81328125 0.0765625 0.0515625
1 0.3875 0.840625 0.04375 0.053125
2 0.728125 0.83203125 0.0125 0.0390625
1 0.696875 0.83828125 0.0375 0.0546875
1 0.7109375 0.8640625 0.0296875 0.040625
1 0.6703125 0.85625 0.021875 0.040625
1 0.653125 0.871875 0.0203125 0.03125
1 0.6640625 0.88828125 0.03125 0.034375
1 0.6375 0.8859375 0.01875 0.03125
2 0.5484375 0.87890625 0.0078125 0.03125
2 0.5375 0.87265625 0.0078125 0.0328125
1 0.51640625 0.89609375 0.0171875 0.0390625
2 0.509375 0.878125 0.00625 0.028125
2 0.4890625 0.89296875 0.0078125 0.025
2 0.4828125 0.90234375 0.00625 0.0234375
1 0.51640625 0.921875 0.0140625 0.025