2 0.2 0.47265625 0.040625 0.12109375
2 0.225 0.57734375 0.03828125 0.14609375
2 0.2734375 0.66875 0.04609375 0.1625
2 0.1234375 0.840625 0.0859375 0.215625
2 0.203125 0.87890625 0.07109375 0.23046875
2 0.56875 0.6984375 0.05234375 0.18359375
2 0.88359375 0.3453125 0.05 0.07890625
2 0.5421875 0.40234375 0.0203125 0.0953125
2 0.53359375 0.49765625 0.034375 0.12734375
2 0.43828125 0.37109375 0.02421875 0.0828125
2 0.5015625 0.334375 0.01796875 0.08515625
2 0.559375 0.31875 0.01796875 0.07734375
2 0.58359375 0.28359375 0.0171875 0.071875
2 0.55234375 0.26484375 0.01484375 0.05625
2 0.5296875 0.30078125 0.0171875 0.075
2 0.51640625 0.24375 0.0109375 0.06171875
2 0.48671875 0.2234375 0.0125 0.04765625
2 0.01640625 0.3046875 0.0328125 0.05625
2 0.02734375 0.36640625 0.03984375 0.07421875
1 0.296875 0.196875 0.04140625 0.0484375
2 0.321875 0.2046875 0.0125 0.05078125
2 0.5296875 0.19609375 0.01171875 0.04921875
2 0.47890625 0.15625 0.0078125 0.03203125
2 0.52421875 0.153125 0.01015625 0.04296875
2 0.50859375 0.1875 0.01328125 0.04765625
2 0.471875 0.1640625 0.00703125 0.03359375
2 0.49609375 0.1484375 0.009375 0.034375
2 0.49453125 0.20859375 0.0078125 0.05
2 0.48515625 0.18203125 0.009375 0.03515625
1 0.434375 0.6890625 0.15390625 0.43359375
1 0.878125 0.28984375 0.1203125 0.07890625
1 0.70546875 0.20859375 0.0671875 0.05
1 0.2203125 0.246875 0.0671875 0.06953125
1 0.1015625 0.3578125 0.11640625 0.159375
1 0.6171875 0.175 0.03359375 0.05546875
0 0.396875 0.265625 0.09765625 0.228125
1 0.2921875 0.1578125 0.02734375 0.04296875
1 0.31875 0.15859375 0.03203125 0.046875
1 0.34375 0.128125 0.0203125 0.040625
1 0.35625 0.14453125 0.02265625 0.03359375
1 0.375 0.12890625 0.01796875 0.03359375
2 0.45859375 0.13046875 0.00625 0.03359375
2 0.47890625 0.121875 0.00625 0.028125
2 0.4875 0.11953125 0.00625 0.028125
2 0.496875 0.109375 0.00546875 0.025
2 0.5078125 0.11875 0.00703125 0.02890625