2 0.271875 0.6890625 0.178125 0.05625
2 0.39609375 0.1953125 0.153125 0.065625
2 0.60703125 0.621875 0.0890625 0.053125
2 0.515625 0.8609375 0.121875 0.08125
2 0.6109375 0.884375 0.084375 0.059375
1 0.64453125 0.4796875 0.0890625 0.134375
2 0.71640625 0.5046875 0.0578125 0.040625
2 0.74453125 0.3515625 0.065625 0.03125
2 0.7765625 0.29140625 0.046875 0.015625
2 0.78203125 0.2640625 0.0484375 0.01875
2 0.76875 0.240625 0.053125 0.015625
2 0.7984375 0.2375 0.034375 0.015625
2 0.796875 0.253125 0.04375 0.0125
2 0.8 0.2796875 0.04375 0.009375
2 0.80078125 0.29609375 0.0375 0.0125
2 0.7890625 0.32109375 0.040625 0.0125
1 0.7109375 0.4203125 0.078125 0.09375
1 0.68125 0.1671875 0.08125 0.121875
1 0.78046875 0.45234375 0.046875 0.0484375
1 0.775 0.70625 0.05625 0.078125
1 0.81015625 0.6234375 0.065625 0.0296875
1 0.83359375 0.5 0.0421875 0.015625
2 0.84921875 0.525 0.034375 0.009375
1 0.81640625 0.328125 0.046875 0.0375
2 0.790625 0.34375 0.040625 0.015625
1 0.83203125 0.296875 0.0359375 0.03125
2 0.8484375 0.3484375 0.028125 0.009375