2 0.42890625 0.18515625 0.0671875 0.2078125
2 0.396875 0.29296875 0.059375 0.1765625
2 0.3578125 0.3546875 0.0453125 0.1578125
2 0.32421875 0.41171875 0.0390625 0.1578125
2 0.2390625 0.18203125 0.078125 0.209375
2 0.45859375 0.4453125 0.03125 0.140625
2 0.4265625 0.5140625 0.034375 0.125
2 0.31875 0.546875 0.0375 0.11875
2 0.4125 0.6671875 0.028125 0.084375
2 0.44296875 0.753125 0.0171875 0.0625
2 0.50859375 0.6703125 0.021875 0.0828125
2 0.48984375 0.70078125 0.021875 0.075
2 0.47734375 0.75 0.0140625 0.05625
2 0.5359375 0.6484375 0.025 0.090625
2 0.534375 0.78359375 0.0125 0.0515625
2 0.4890625 0.78828125 0.015625 0.04375
0 0.80625 0.3359375 0.3875 0.671875
2 0.95390625 0.59296875 0.059375 0.09375
2 0.87734375 0.65859375 0.040625 0.0890625
2 0.853125 0.74140625 0.025 0.06875
2 0.8796875 0.73984375 0.025 0.0703125
2 0.92109375 0.7109375 0.0296875 0.0828125
2 0.96640625 0.71796875 0.0328125 0.078125
2 0.70703125 0.78359375 0.0140625 0.053125
2 0.78203125 0.8 0.0203125 0.053125
2 0.48515625 0.83671875 0.0140625 0.0421875
2 0.47734375 0.86015625 0.0078125 0.0328125
2 0.50546875 0.85625 0.0109375 0.040625
1 0.121875 0.72890625 0.121875 0.071875
1 0.2984375 0.81015625 0.0796875 0.046875
1 0.384375 0.84140625 0.0375 0.0609375
1 0.74140625 0.81015625 0.053125 0.0671875
1 0.6921875 0.84453125 0.034375 0.0421875
1 0.6625 0.86015625 0.028125 0.0328125