2 0.7859375 0.034375 0.0875 0.06875
2 0.9140625 0.0609375 0.125 0.121875
2 0.8265625 0.328125 0.059375 0.16875
2 0.81640625 0.5203125 0.0390625 0.121875
2 0.9125 0.56171875 0.053125 0.1125
2 0.7734375 0.646875 0.021875 0.1
2 0.75234375 0.634375 0.0296875 0.0625
2 0.7453125 0.5671875 0.021875 0.096875
2 0.7171875 0.5265625 0.034375 0.103125
2 0.584375 0.3390625 0.05 0.159375
2 0.475 0.67578125 0.015625 0.0734375
2 0.48828125 0.7453125 0.0140625 0.059375
2 0.51875 0.74765625 0.0125 0.0609375
2 0.5296875 0.79609375 0.009375 0.0453125
2 0.50703125 0.78984375 0.0125 0.053125
2 0.484375 0.79609375 0.009375 0.0484375
2 0.46875 0.7859375 0.0125 0.053125
2 0.45234375 0.8046875 0.0140625 0.05
2 0.51484375 0.83984375 0.00625 0.03125
2 0.4953125 0.8359375 0.009375 0.03125
0 0.5671875 0.8171875 0.059375 0.128125
1 0.60859375 0.5265625 0.128125 0.246875
1 0.334375 0.2984375 0.153125 0.35
1 0.765625 0.75234375 0.05625 0.0734375
1 0.71328125 0.8140625 0.0453125 0.053125
1 0.3796875 0.821875 0.040625 0.05
1 0.12265625 0.71328125 0.1203125 0.06875
1 0.3 0.7859375 0.075 0.053125
1 0.7046875 0.85078125 0.0265625 0.03125
2 0.684375 0.84140625 0.009375 0.028125
1 0.6578125 0.8375 0.025 0.034375
1 0.9078125 0.65078125 0.11875 0.1234375
2 0.5140625 0.8640625 0.00625 0.021875
2 0.51875 0.88046875 0.00625 0.025
2 0.503125 0.86953125 0.0078125 0.028125
2 0.49453125 0.85859375 0.0078125 0.021875
2 0.4828125 0.85625 0.009375 0.03125
1 0.6625 0.865625 0.0265625 0.040625
1 0.6296875 0.87109375 0.01875 0.0296875
2 0.49296875 0.878125 0.0046875 0.025
2 0.4828125 0.87578125 0.00625 0.0234375