2 0.12109375 0.46015625 0.1046875 0.1296875
2 0.275 0.453125 0.078125 0.146875
2 0.46640625 0.40078125 0.053125 0.165625
2 0.6109375 0.34765625 0.053125 0.1765625
2 0.61171875 0.5953125 0.0359375 0.109375
2 0.0234375 0.6875 0.046875 0.084375
2 0.08515625 0.7234375 0.05 0.065625
2 0.153125 0.79375 0.03125 0.05
2 0.33671875 0.77890625 0.034375 0.059375
2 0.37109375 0.7921875 0.028125 0.05625
2 0.40625 0.7875 0.025 0.05625
2 0.4265625 0.74296875 0.01875 0.0703125
2 0.47890625 0.7703125 0.0234375 0.0625
2 0.50625 0.7953125 0.0125 0.053125
2 0.52578125 0.7703125 0.015625 0.059375
1 0.21484375 0.68125 0.146875 0.103125
1 0.45234375 0.80625 0.05 0.053125
1 0.70234375 0.80546875 0.078125 0.05
1 0.6125 0.83984375 0.0375 0.0515625
1 0.48125 0.8484375 0.03125 0.040625
1 0.490625 0.88125 0.01875 0.028125
2 0.26328125 0.8171875 0.0109375 0.034375
2 0.27421875 0.83359375 0.0109375 0.03125
1 0.30078125 0.83828125 0.040625 0.0578125
1 0.3296875 0.8546875 0.0234375 0.034375
1 0.34453125 0.8671875 0.0265625 0.03125
2 0.2265625 0.80546875 0.015625 0.0296875
1 0.2875 0.8625 0.028125 0.0375