2 0.7390625 0.31328125 0.184375 0.059375
2 0.84375 0.171875 0.19375 0.09375
2 0.9703125 0.2890625 0.059375 0.078125
2 0.7078125 0.5328125 0.196875 0.05625
2 0.6671875 0.634375 0.184375 0.05625
2 0.540625 0.6703125 0.121875 0.04375
2 0.453125 0.60625 0.109375 0.034375
2 0.40703125 0.5296875 0.0859375 0.015625
2 0.4734375 0.55390625 0.115625 0.025
2 0.34765625 0.53828125 0.09375 0.021875
2 0.3796875 0.40625 0.096875 0.01875
2 0.38359375 0.43828125 0.096875 0.021875
2 0.34296875 0.390625 0.0828125 0.015625
2 0.39453125 0.88515625 0.0828125 0.0640625
2 0.3140625 0.7171875 0.078125 0.053125
2 0.25 0.46875 0.065625 0.015625
2 0.2859375 0.48203125 0.0625 0.0171875
2 0.2625 0.4234375 0.0625 0.015625
2 0.21875 0.34453125 0.040625 0.0140625
2 0.22578125 0.25 0.0484375 0.01875
2 0.26640625 0.165625 0.05625 0.0125
2 0.290625 0.18125 0.0625 0.025
2 0.29375 0.221875 0.0671875 0.0296875
2 0.30078125 0.1296875 0.0640625 0.009375
2 0.32265625 0.14453125 0.078125 0.025
2 0.30078125 0.09453125 0.0640625 0.0296875
2 0.35390625 0.10234375 0.0828125 0.0296875
2 0.3296875 0.065625 0.059375 0.03125
2 0.39765625 0.04296875 0.1015625 0.0390625
2 0.35625 0.040625 0.04375 0.040625
2 0.52109375 0.03671875 0.1296875 0.0609375
2 0.4734375 0.0203125 0.115625 0.040625
1 0.26875 0.621875 0.065625 0.071875
1 0.2140625 0.296875 0.065625 0.046875
1 0.178125 0.34375 0.040625 0.034375
1 0.196875 0.615625 0.05 0.0375
1 0.2328125 0.7015625 0.053125 0.075
1 0.1859375 0.2828125 0.04375 0.034375
2 0.18125 0.5015625 0.034375 0.0078125
2 0.153125 0.465625 0.028125 0.00625
2 0.15 0.5125 0.034375 0.00625
1 0.12890625 0.4890625 0.028125 0.0125