2 0.31328125 0.66640625 0.0484375 0.075
2 0.11640625 0.609375 0.05625 0.084375
2 0.1671875 0.64296875 0.05 0.071875
2 0.73984375 0.71796875 0.0359375 0.05625
2 0.78359375 0.740625 0.0359375 0.05
2 0.8609375 0.71484375 0.034375 0.0546875
1 0.9359375 0.653125 0.128125 0.09375
2 0.88671875 0.7015625 0.040625 0.0609375
2 0.5296875 0.73984375 0.01875 0.0546875
2 0.653125 0.790625 0.0125 0.05
2 0.69609375 0.790625 0.0109375 0.04375
2 0.71796875 0.7890625 0.0125 0.040625
2 0.73828125 0.78984375 0.0109375 0.0390625
2 0.53203125 0.78984375 0.0171875 0.040625
2 0.525 0.80234375 0.0125 0.0421875
1 0.6640625 0.684375 0.103125 0.08125
1 0.215625 0.703125 0.115625 0.08125
1 0.2984375 0.775 0.065625 0.05625
1 0.38515625 0.8078125 0.0390625 0.059375