2 0.6265625 0.11875 0.084375 0.0375
2 0.69921875 0.0734375 0.0671875 0.03125
2 0.73359375 0.2890625 0.0578125 0.040625
2 0.64765625 0.4203125 0.0953125 0.021875
2 0.4796875 0.5390625 0.13125 0.0375
2 0.68828125 0.7296875 0.059375 0.046875
2 0.7109375 0.7890625 0.059375 0.0390625
2 0.7390625 0.7640625 0.065625 0.028125
2 0.6125 0.8828125 0.090625 0.0546875
2 0.7953125 0.4625 0.046875 0.009375
2 0.8109375 0.5359375 0.046875 0.01875
2 0.8 0.284375 0.04375 0.015625
2 0.665625 0.02421875 0.075 0.0359375
2 0.69609375 0.03515625 0.0671875 0.0234375
1 0.69765625 0.8703125 0.0734375 0.128125
1 0.77890625 0.7015625 0.046875 0.06875
1 0.809375 0.6171875 0.05 0.0375
2 0.8078125 0.3078125 0.034375 0.009375
2 0.8125 0.32578125 0.0375 0.0078125
1 0.83046875 0.296875 0.0359375 0.0296875
2 0.83984375 0.33671875 0.03125 0.0078125
2 0.815625 0.3578125 0.0375 0.009375
1 0.8546875 0.36640625 0.0375 0.01875
2 0.84921875 0.4828125 0.034375 0.00625
2 0.88046875 0.46875 0.0203125 0.00625
2 0.88125 0.48359375 0.025 0.0078125
2 0.85234375 0.50234375 0.028125 0.0140625