2 0.328125 0.9203125 0.0734375 0.159375
2 0.484375 0.628125 0.0359375 0.16953125
2 0.51875 0.4859375 0.03515625 0.11640625
2 0.7 0.88515625 0.07734375 0.215625
2 0.73203125 0.309375 0.0546875 0.06796875
2 0.88203125 0.38046875 0.0609375 0.09453125
2 0.2359375 0.3703125 0.02890625 0.0875
2 0.1421875 0.390625 0.03046875 0.0859375
2 0.065625 0.41640625 0.04765625 0.10546875
2 0.1046875 0.359375 0.03359375 0.0984375
2 0.19921875 0.31875 0.02421875 0.065625
2 0.13515625 0.309375 0.028125 0.0796875
2 0.08515625 0.25234375 0.03828125 0.06171875
2 0.00625 0.41640625 0.0125 0.0609375
2 0.1921875 0.26796875 0.0234375 0.0546875
2 0.2328125 0.23671875 0.0203125 0.046875
2 0.46171875 0.2 0.01328125 0.05078125
2 0.5421875 0.2046875 0.0125 0.0453125
2 0.2953125 0.19375 0.01015625 0.0375
2 0.30625 0.2 0.01875 0.04375
1 0.55625 0.33671875 0.075 0.10703125
1 0.8796875 0.29765625 0.12890625 0.08203125
1 0.703125 0.2171875 0.07265625 0.0515625
1 0.61875 0.190625 0.03828125 0.05546875
1 0.50546875 0.1765625 0.0296875 0.05546875
2 0.4515625 0.153125 0.00703125 0.028125
2 0.46015625 0.1625 0.009375 0.028125
2 0.4796875 0.1578125 0.0078125 0.03203125
2 0.475 0.16640625 0.00703125 0.03359375
2 0.4578125 0.1328125 0.00703125 0.0265625
2 0.4671875 0.14375 0.00703125 0.0234375
2 0.4703125 0.12578125 0.00859375 0.0234375
3 0.49140625 0.128125 0.0171875 0.046875
2 0.521875 0.1453125 0.00703125 0.0234375
2 0.51484375 0.12890625 0.00625 0.01953125
1 0.29609375 0.1671875 0.0328125 0.04296875
2 0.321875 0.165625 0.009375 0.02890625
2 0.3296875 0.159375 0.01015625 0.03046875
2 0.3625 0.14921875 0.00703125 0.02890625
2 0.796875 0.2859375 0.034375 0.04140625
2 0.79375 0.26640625 0.0296875 0.04453125