2 0.3328125 0.61953125 0.04609375 0.146875
2 0.4328125 0.5703125 0.04296875 0.12109375
2 0.1234375 0.540625 0.06328125 0.115625
2 0.02421875 0.45390625 0.0484375 0.09453125
2 0.8828125 0.403125 0.05859375 0.0875
2 0.834375 0.33984375 0.0484375 0.0734375
2 0.86328125 0.325 0.0203125 0.07109375
2 0.77890625 0.30390625 0.0328125 0.0671875
2 0.7578125 0.2828125 0.03984375 0.059375
2 0.678125 0.32421875 0.05 0.065625
2 0.5609375 0.2359375 0.0140625 0.046875
2 0.5265625 0.21328125 0.0109375 0.04375
2 0.37421875 0.32578125 0.0328125 0.06796875
2 0.37890625 0.30234375 0.0265625 0.06796875
1 0.23828125 0.275 0.059375 0.0640625
2 0.21640625 0.2484375 0.0125 0.05625
2 0.30234375 0.21875 0.0109375 0.0515625
1 0.3625 0.459375 0.12109375 0.14609375
1 0.246875 0.38203125 0.08984375 0.096875
1 0.053125 0.328125 0.10546875 0.084375
1 0.7015625 0.2375 0.06953125 0.04453125
1 0.6171875 0.209375 0.03671875 0.05546875
1 0.90625 0.30703125 0.06015625 0.06640625
1 0.52265625 0.9015625 0.1921875 0.196875
3 0.5 0.42890625 0.06171875 0.14453125
2 0.5046875 0.1921875 0.00859375 0.034375
2 0.515625 0.17578125 0.00625 0.034375
2 0.525 0.1796875 0.01171875 0.034375
2 0.5234375 0.15859375 0.00859375 0.021875
2 0.534375 0.18515625 0.01015625 0.040625