2 0.7890625 0.646875 0.03125 0.09375
2 0.5765625 0.7453125 0.01875 0.05625
2 0.46171875 0.65625 0.025 0.084375
2 0.43125 0.5640625 0.028125 0.109375
2 0.3734375 0.52421875 0.028125 0.115625
2 0.6375 0.1 0.065625 0.2
2 0.90625 0.6203125 0.04375 0.078125
2 0.98359375 0.628125 0.0328125 0.065625
2 0.2515625 0.6 0.0375 0.090625
2 0.7296875 0.771875 0.01875 0.05
2 0.6953125 0.7859375 0.01875 0.04375
1 0.45 0.734375 0.053125 0.078125
2 0.4609375 0.80078125 0.009375 0.0453125
1 0.78359375 0.740625 0.0734375 0.0875
1 0.12265625 0.709375 0.1171875 0.0765625
1 0.296875 0.78515625 0.075 0.053125
1 0.3828125 0.8203125 0.0390625 0.053125
1 0.49296875 0.79375 0.034375 0.05625
1 0.9390625 0.69765625 0.121875 0.1078125
3 0.62890625 0.396875 0.1796875 0.353125
3 0.5421875 0.8328125 0.01875 0.053125
3 0.534375 0.86953125 0.0125 0.0421875
3 0.5140625 0.8765625 0.0234375 0.06875
3 0.4875 0.865625 0.0125 0.046875
2 0.7171875 0.803125 0.0125 0.03125
1 0.70390625 0.83359375 0.0296875 0.04375
2 0.8109375 0.765625 0.015625 0.04375
2 0.65 0.853125 0.009375 0.03125
2 0.63125 0.82109375 0.009375 0.0328125