2 0.7390625 0.68671875 0.184375 0.059375
2 0.84375 0.828125 0.19375 0.09375
2 0.9703125 0.7109375 0.059375 0.078125
2 0.7078125 0.4671875 0.1984375 0.05625
2 0.6671875 0.365625 0.184375 0.05625
2 0.540625 0.3296875 0.121875 0.04375
2 0.453125 0.39375 0.109375 0.034375
2 0.40703125 0.4703125 0.0859375 0.015625
2 0.4734375 0.44609375 0.115625 0.025
2 0.34765625 0.46171875 0.0921875 0.021875
2 0.3796875 0.59375 0.096875 0.01875
2 0.38359375 0.56171875 0.096875 0.021875
2 0.34296875 0.609375 0.0828125 0.015625
2 0.39453125 0.11484375 0.084375 0.0640625
2 0.3140625 0.2828125 0.078125 0.053125
2 0.25 0.53125 0.065625 0.015625
2 0.2859375 0.51796875 0.0625 0.0171875
2 0.2625 0.5765625 0.0625 0.0171875
2 0.21875 0.65546875 0.040625 0.0140625
2 0.22578125 0.75 0.0484375 0.01875
2 0.26640625 0.834375 0.05625 0.0125
2 0.290625 0.81875 0.0625 0.025
2 0.29375 0.778125 0.06875 0.03125
2 0.30078125 0.8703125 0.0640625 0.009375
2 0.32265625 0.85546875 0.0765625 0.0265625
2 0.30078125 0.90546875 0.0640625 0.0296875
2 0.35390625 0.89765625 0.0828125 0.0296875
2 0.3296875 0.934375 0.059375 0.03125
2 0.39765625 0.95703125 0.1015625 0.0390625
2 0.35625 0.959375 0.04375 0.040625
2 0.52109375 0.96328125 0.1296875 0.0609375
2 0.4734375 0.9796875 0.115625 0.040625
1 0.26875 0.378125 0.065625 0.071875
1 0.2140625 0.703125 0.065625 0.046875
1 0.178125 0.65625 0.040625 0.034375
1 0.196875 0.384375 0.0515625 0.0375
1 0.2328125 0.2984375 0.053125 0.075
1 0.1859375 0.7171875 0.04375 0.034375
2 0.18125 0.4984375 0.034375 0.0078125
2 0.153125 0.534375 0.028125 0.00625
2 0.15 0.4875 0.034375 0.00625
1 0.12890625 0.5109375 0.028125 0.0125