2 0.771875 0.91953125 0.075 0.1609375
2 0.8375 0.803125 0.0875 0.225
2 0.925 0.646875 0.1125 0.1375
2 0.840625 0.54765625 0.05625 0.1453125
2 0.7875 0.45859375 0.04375 0.1109375
2 0.7859375 0.35546875 0.034375 0.078125
2 0.6046875 0.46171875 0.028125 0.1078125
2 0.6078125 0.284375 0.034375 0.059375
2 0.7765625 0.28828125 0.03125 0.065625
2 0.5234375 0.37109375 0.021875 0.0890625
2 0.50390625 0.3171875 0.01875 0.078125
2 0.115625 0.42734375 0.05625 0.0765625
2 0.109375 0.36171875 0.04375 0.0453125
2 0.4421875 0.25703125 0.0125 0.0578125
2 0.50390625 0.2421875 0.0109375 0.046875
2 0.51796875 0.20234375 0.0078125 0.0375
2 0.496875 0.2140625 0.009375 0.034375
2 0.4765625 0.215625 0.0125 0.040625
2 0.5078125 0.1984375 0.009375 0.03125
2 0.46640625 0.19765625 0.0125 0.0375
1 0.93125 0.4078125 0.1375 0.171875
1 0.6640625 0.39765625 0.071875 0.1078125
1 0.7484375 0.21796875 0.046875 0.0546875
1 0.525 0.5953125 0.1 0.21875
1 0.11875 0.3125 0.10625 0.06875
1 0.296875 0.23203125 0.06875 0.0640625
1 0.3828125 0.20703125 0.0375 0.05625
2 0.54453125 0.17109375 0.00625 0.0328125
2 0.5 0.18359375 0.0125 0.0296875
2 0.534375 0.1625 0.00625 0.03125
1 0.4859375 0.17421875 0.0125 0.034375
2 0.515625 0.16015625 0.00625 0.0328125
2 0.5078125 0.16484375 0.00625 0.0234375
2 0.5015625 0.15078125 0.00625 0.021875