2 0.1828125 0.42265625 0.06171875 0.09296875
2 0.31875 0.625 0.071875 0.15546875
2 0.7078125 0.7296875 0.06171875 0.184375
2 0.77890625 0.925 0.1265625 0.15
2 0.540625 0.3328125 0.025 0.08515625
2 0.5 0.2953125 0.021875 0.07578125
2 0.56875 0.2890625 0.0203125 0.0796875
2 0.51328125 0.2390625 0.01640625 0.06640625
2 0.48359375 0.19375 0.0125 0.0515625
2 0.26015625 0.22890625 0.01796875 0.065625
2 0.1921875 0.1984375 0.01640625 0.04921875
2 0.2203125 0.18984375 0.01171875 0.040625
2 0.2375 0.19140625 0.015625 0.0453125
2 0.28203125 0.18984375 0.01484375 0.0546875
1 0.8875 0.26953125 0.11484375 0.075
1 0.6984375 0.18671875 0.06953125 0.05390625
1 0.6140625 0.1578125 0.03984375 0.05703125
2 0.265625 0.17109375 0.00859375 0.03359375
1 0.2875 0.134375 0.028125 0.040625
1 0.3046875 0.159375 0.03828125 0.05546875
1 0.3265625 0.140625 0.021875 0.04609375
1 0.34609375 0.128125 0.0203125 0.0390625
1 0.3296875 0.1140625 0.0234375 0.03359375
1 0.3625 0.109375 0.02109375 0.03359375
2 0.459375 0.109375 0.01015625 0.03359375
2 0.48203125 0.11328125 0.009375 0.0265625
2 0.4953125 0.11171875 0.00703125 0.0234375
1 0.4859375 0.09453125 0.0140625 0.028125
1 0.484375 0.075 0.01171875 0.025
2 0.4953125 0.08671875 0.00546875 0.02109375
2 0.50625 0.09296875 0.00546875 0.025
2 0.5140625 0.0890625 0.0046875 0.021875