2 0.84765625 0.16875 0.08125 0.19375
2 0.7625 0.3828125 0.05 0.15625
2 0.8703125 0.384375 0.065625 0.13125
2 0.78515625 0.54609375 0.0375 0.1140625
2 0.89453125 0.64765625 0.028125 0.0921875
2 0.8703125 0.64140625 0.034375 0.0890625
2 0.771875 0.66953125 0.028125 0.0796875
2 0.56015625 0.68203125 0.0171875 0.06875
2 0.53046875 0.71484375 0.015625 0.0625
2 0.465625 0.628125 0.025 0.090625
2 0.4 0.5375 0.034375 0.1
2 0.2703125 0.69140625 0.046875 0.0640625
2 0.115625 0.61484375 0.05625 0.0953125
2 0.2140625 0.7375 0.0328125 0.05625
2 0.2015625 0.7234375 0.034375 0.059375
2 0.46875 0.71015625 0.015625 0.0703125
2 0.475 0.76953125 0.0125 0.0484375
2 0.5203125 0.7890625 0.015625 0.040625
2 0.71640625 0.79375 0.0140625 0.04375
2 0.6890625 0.8015625 0.009375 0.05
2 0.79921875 0.75078125 0.0171875 0.0609375
2 0.9359375 0.7203125 0.034375 0.05625
2 0.93046875 0.66953125 0.0328125 0.0640625
2 0.346875 0.16171875 0.065625 0.1984375
1 0.1234375 0.70859375 0.121875 0.0671875
1 0.296875 0.78125 0.06875 0.05
1 0.384375 0.81640625 0.0359375 0.0609375
1 0.4875 0.80546875 0.025 0.046875
1 0.7046875 0.834375 0.03125 0.04375
2 0.6765625 0.83359375 0.009375 0.0328125
2 0.64921875 0.8515625 0.0078125 0.03125
2 0.525 0.81953125 0.00625 0.028125
2 0.53125 0.8640625 0.00625 0.025
1 0.496875 0.86953125 0.015625 0.0296875
2 0.4765625 0.859375 0.00625 0.028125
2 0.521875 0.88203125 0.00625 0.01875
2 0.525 0.9 0.00625 0.021875
3 0.509375 0.89375 0.0140625 0.0375