2 0.52734375 0.425 0.134375 0.034375
2 0.34453125 0.471875 0.0796875 0.025
2 0.315625 0.2578125 0.0625 0.046875
2 0.27734375 0.15 0.0578125 0.0375
2 0.315625 0.15078125 0.0625 0.0453125
2 0.396875 0.11796875 0.096875 0.0515625
2 0.21796875 0.4734375 0.040625 0.0125
2 0.2703125 0.46171875 0.059375 0.0140625
2 0.26796875 0.50859375 0.0640625 0.0140625
2 0.27421875 0.61875 0.0515625 0.03125
2 0.25 0.6640625 0.0578125 0.0125
2 0.2640625 0.7875 0.046875 0.0265625
2 0.2734375 0.871875 0.065625 0.034375
2 0.1984375 0.5359375 0.04375 0.0125
2 0.1921875 0.63046875 0.040625 0.0078125
2 0.18515625 0.69140625 0.040625 0.009375
1 0.40703125 0.790625 0.15625 0.115625
1 0.95234375 0.56484375 0.0953125 0.1640625
1 0.23203125 0.2984375 0.046875 0.06875
1 0.2 0.3828125 0.05 0.040625