2 0.2 0.47265625 0.040625 0.1203125
2 0.225 0.57734375 0.0375 0.146875
2 0.2734375 0.66875 0.046875 0.1625
2 0.1234375 0.840625 0.0859375 0.215625
2 0.203125 0.87890625 0.071875 0.23125
2 0.56875 0.6984375 0.053125 0.184375
2 0.88359375 0.3453125 0.05 0.078125
2 0.5421875 0.40234375 0.021875 0.0953125
2 0.53359375 0.49765625 0.034375 0.1265625
2 0.43828125 0.37109375 0.0234375 0.0828125
2 0.5015625 0.334375 0.01875 0.084375
2 0.559375 0.31875 0.01875 0.078125
2 0.58359375 0.28359375 0.0171875 0.071875
2 0.55234375 0.26484375 0.0140625 0.05625
2 0.5296875 0.30078125 0.015625 0.075
2 0.51640625 0.24375 0.0109375 0.0625
2 0.48671875 0.2234375 0.0125 0.046875
2 0.01640625 0.3046875 0.0328125 0.05625
2 0.02734375 0.36640625 0.0390625 0.0734375
1 0.296875 0.196875 0.040625 0.05
2 0.321875 0.2046875 0.0125 0.05
2 0.5296875 0.19609375 0.0125 0.05
2 0.47890625 0.15625 0.0078125 0.03125
2 0.52421875 0.153125 0.0109375 0.04375
2 0.50859375 0.1875 0.0140625 0.046875
2 0.471875 0.1640625 0.00625 0.034375
2 0.49609375 0.1484375 0.009375 0.034375
2 0.49453125 0.20859375 0.0078125 0.05
2 0.48515625 0.18203125 0.009375 0.0359375
1 0.434375 0.6890625 0.153125 0.434375
1 0.878125 0.28984375 0.11875 0.0796875
1 0.70546875 0.20859375 0.0671875 0.05
1 0.2203125 0.246875 0.065625 0.06875
1 0.1015625 0.3578125 0.115625 0.159375
1 0.6171875 0.175 0.034375 0.05625
0 0.396875 0.265625 0.096875 0.228125
1 0.2921875 0.1578125 0.028125 0.04375
1 0.31875 0.15859375 0.03125 0.046875
1 0.34375 0.128125 0.01875 0.040625
1 0.35625 0.14453125 0.021875 0.0328125
1 0.375 0.12890625 0.01875 0.0328125
2 0.45859375 0.13046875 0.00625 0.0328125
2 0.47890625 0.121875 0.00625 0.028125
2 0.4875 0.11953125 0.00625 0.028125
2 0.496875 0.109375 0.00625 0.025
2 0.5078125 0.11875 0.00625 0.028125