2 0.4421875 0.36484375 0.05390625 0.07890625
2 0.3609375 0.353125 0.05546875 0.071875
2 0.23125 0.375 0.0578125 0.071875
2 0.0453125 0.42890625 0.04296875 0.09453125
2 0.884375 0.3890625 0.05625 0.09140625
2 0.70859375 0.35 0.04609375 0.07734375
2 0.55703125 0.28125 0.0421875 0.06484375
2 0.49609375 0.271875 0.0359375 0.06484375
2 0.4359375 0.2703125 0.03515625 0.0578125
2 0.3828125 0.28828125 0.03828125 0.06328125
2 0.30859375 0.25703125 0.0375 0.05625
2 0.27109375 0.27578125 0.03671875 0.06171875
2 0.22265625 0.30625 0.0421875 0.059375
2 0.17109375 0.28984375 0.04921875 0.0640625
2 0.0921875 0.31015625 0.05625 0.07265625
2 0.2640625 0.20546875 0.0109375 0.046875
2 0.28203125 0.21015625 0.0140625 0.046875
2 0.30703125 0.20625 0.0125 0.03984375
2 0.3390625 0.20234375 0.009375 0.04453125
2 0.35625 0.19765625 0.01015625 0.0453125
1 0.671875 0.3078125 0.11171875 0.07890625
1 0.703125 0.221875 0.06953125 0.05390625
1 0.615625 0.19375 0.03203125 0.0515625
1 0.328125 0.1796875 0.0328125 0.04609375
1 0.2953125 0.16875 0.02890625 0.04296875
2 0.3375 0.14765625 0.0078125 0.0234375
2 0.3484375 0.14609375 0.00546875 0.03046875
2 0.4828125 0.1390625 0.00703125 0.025
2 0.4921875 0.134375 0.00703125 0.025