3 0.56171875 0.22734375 0.3453125 0.453125
2 0.7015625 0.2421875 0.065625 0.209375
2 0.8875 0.6265625 0.05625 0.0859375
2 0.85 0.70546875 0.05 0.0671875
2 0.78125 0.7296875 0.04375 0.071875
2 0.778125 0.6296875 0.0375 0.096875
2 0.6828125 0.71015625 0.046875 0.065625
2 0.6546875 0.7234375 0.046875 0.065625
2 0.61328125 0.63359375 0.03125 0.0890625
2 0.5671875 0.66796875 0.01875 0.0890625
2 0.43515625 0.7140625 0.0203125 0.08125
2 0.375 0.7015625 0.0390625 0.071875
2 0.37890625 0.73515625 0.0203125 0.0640625
2 0.4828125 0.78671875 0.015625 0.053125
2 0.53671875 0.82578125 0.0171875 0.0375
2 0.25 0.8015625 0.01875 0.05
2 0.346875 0.83203125 0.009375 0.0453125
2 0.2984375 0.83515625 0.015625 0.0390625
1 0.253125 0.6171875 0.134375 0.121875
1 0.1703125 0.68515625 0.09375 0.0828125
1 0.50234375 0.675 0.053125 0.1109375
1 0.70546875 0.79609375 0.0671875 0.04375
1 0.6203125 0.82421875 0.028125 0.0625
1 0.9125 0.72578125 0.059375 0.0578125
3 0.4875 0.83125 0.021875 0.053125