2 0.3828125 0.2265625 0.0546875 0.20625
2 0.5734375 0.44609375 0.04375 0.1453125
2 0.634375 0.27890625 0.065625 0.1671875
2 0.675 0.3375 0.04375 0.159375
2 0.6359375 0.10703125 0.0859375 0.2140625
2 0.2546875 0.39609375 0.059375 0.1828125
2 0.340625 0.5234375 0.03125 0.121875
2 0.16640625 0.62109375 0.0375 0.1
2 0.0984375 0.6453125 0.0421875 0.08125
2 0.225 0.70546875 0.021875 0.071875
2 0.26484375 0.709375 0.028125 0.071875
2 0.33125 0.6734375 0.034375 0.071875
2 0.4875 0.715625 0.034375 0.0625
2 0.48125 0.528125 0.028125 0.115625
2 0.43125 0.58671875 0.03125 0.109375
2 0.8828125 0.6015625 0.053125 0.084375
2 0.11328125 0.72890625 0.0265625 0.0703125
2 0.1265625 0.696875 0.028125 0.0703125
2 0.16328125 0.68359375 0.03125 0.053125
2 0.1859375 0.7109375 0.021875 0.053125
2 0.1734375 0.746875 0.01875 0.05625
2 0.20703125 0.72734375 0.0125 0.0515625
2 0.48515625 0.78359375 0.0125 0.046875
1 0.765625 0.715625 0.0875 0.05625
1 0.703125 0.7703125 0.065625 0.0484375
1 0.6125 0.80234375 0.04375 0.0546875
1 0.31875 0.803125 0.034375 0.05625
2 0.2453125 0.76640625 0.009375 0.046875
2 0.2546875 0.79609375 0.015625 0.0390625
1 0.28359375 0.821875 0.0265625 0.034375
2 0.19453125 0.75703125 0.0109375 0.046875
2 0.225 0.7515625 0.0125 0.046875
2 0.2359375 0.78046875 0.009375 0.0390625
2 0.334375 0.83828125 0.00625 0.0234375
3 0.3515625 0.83203125 0.025 0.0421875
2 0.3671875 0.8171875 0.009375 0.03125
2 0.46015625 0.82578125 0.00625 0.0328125
2 0.5109375 0.8296875 0.009375 0.034375
1 0.4875 0.85078125 0.01875 0.0328125
1 0.48984375 0.878125 0.0109375 0.021875