2 0.3828125 0.7734375 0.0546875 0.20625
2 0.5734375 0.55390625 0.04375 0.1453125
2 0.634375 0.72109375 0.065625 0.165625
2 0.675 0.6625 0.04375 0.159375
2 0.6359375 0.89296875 0.084375 0.2140625
2 0.2546875 0.60390625 0.059375 0.1828125
2 0.340625 0.4765625 0.03125 0.121875
2 0.16640625 0.37890625 0.0375 0.1
2 0.0984375 0.3546875 0.040625 0.08125
2 0.225 0.29453125 0.021875 0.071875
2 0.26484375 0.290625 0.028125 0.071875
2 0.33125 0.3265625 0.034375 0.071875
2 0.4875 0.284375 0.034375 0.0625
2 0.48125 0.471875 0.028125 0.115625
2 0.43125 0.41328125 0.03125 0.109375
2 0.8828125 0.3984375 0.053125 0.084375
2 0.11328125 0.27109375 0.025 0.071875
2 0.1265625 0.303125 0.028125 0.06875
2 0.16328125 0.31640625 0.03125 0.053125
2 0.1859375 0.2890625 0.021875 0.053125
2 0.1734375 0.253125 0.01875 0.05625
2 0.20703125 0.27265625 0.0125 0.0515625
2 0.48515625 0.21640625 0.0109375 0.0453125
1 0.765625 0.284375 0.0875 0.05625
1 0.703125 0.2296875 0.065625 0.0484375
1 0.6125 0.19765625 0.04375 0.0546875
1 0.31875 0.196875 0.034375 0.05625
2 0.2453125 0.23359375 0.009375 0.046875
2 0.2546875 0.20390625 0.015625 0.0390625
1 0.28359375 0.178125 0.0265625 0.034375
2 0.19453125 0.24296875 0.0109375 0.046875
2 0.225 0.2484375 0.0125 0.046875
2 0.2359375 0.21953125 0.009375 0.0390625
2 0.334375 0.16171875 0.00625 0.0234375
3 0.3515625 0.16796875 0.025 0.040625
2 0.3671875 0.1828125 0.009375 0.03125
2 0.46015625 0.17421875 0.00625 0.0328125
2 0.5109375 0.1703125 0.009375 0.034375
1 0.4875 0.14921875 0.01875 0.0328125
1 0.48984375 0.121875 0.0109375 0.021875