2 0.16875 0.62578125 0.06328125 0.140625
2 0.184375 0.80390625 0.08203125 0.18046875
2 0.2734375 0.77578125 0.071875 0.20390625
2 0.35625 0.75703125 0.065625 0.2140625
2 0.884375 0.40390625 0.05859375 0.09140625
2 0.846875 0.325 0.04765625 0.075
2 0.778125 0.29765625 0.03671875 0.0625
2 0.67734375 0.27734375 0.0359375 0.05703125
2 0.67890625 0.3265625 0.04453125 0.06640625
2 0.55703125 0.29453125 0.01640625 0.0609375
2 0.3703125 0.3265625 0.03515625 0.07109375
2 0.3765625 0.29921875 0.02421875 0.0640625
2 0.54140625 0.2328125 0.0140625 0.0484375
2 0.51796875 0.25234375 0.01796875 0.04921875
2 0.51640625 0.2015625 0.0046875 0.0390625
2 0.52421875 0.215625 0.01171875 0.04140625
1 0.4234375 0.55078125 0.10859375 0.209375
1 0.296875 0.4328125 0.10234375 0.1265625
1 0.184375 0.353125 0.1109375 0.10546875
3 0.54609375 0.8015625 0.121875 0.3609375
1 0.70546875 0.234375 0.0671875 0.04609375
1 0.896875 0.309375 0.06484375 0.07890625
1 0.6171875 0.209375 0.04140625 0.0484375
1 0.3046875 0.21796875 0.03515625 0.05
2 0.51953125 0.18125 0.00625 0.03203125
2 0.5375 0.19296875 0.0109375 0.04140625
2 0.3578125 0.16796875 0.01015625 0.04140625