2 0.91953125 0.228125 0.1609375 0.075
2 0.803125 0.1625 0.225 0.0875
2 0.646875 0.075 0.1375 0.1125
2 0.54765625 0.159375 0.146875 0.05625
2 0.45859375 0.2125 0.1109375 0.04375
2 0.35546875 0.2140625 0.078125 0.034375
2 0.46171875 0.3953125 0.10625 0.028125
2 0.284375 0.3921875 0.059375 0.034375
2 0.28828125 0.2234375 0.065625 0.03125
2 0.37109375 0.4765625 0.0890625 0.021875
2 0.3171875 0.49609375 0.078125 0.01875
2 0.42734375 0.884375 0.0765625 0.05625
2 0.36171875 0.890625 0.0453125 0.04375
2 0.25703125 0.5578125 0.0578125 0.0125
2 0.2421875 0.49609375 0.046875 0.009375
2 0.20234375 0.48203125 0.0375 0.0078125
2 0.2140625 0.503125 0.034375 0.009375
2 0.215625 0.5234375 0.040625 0.0125
2 0.1984375 0.4921875 0.03125 0.009375
2 0.19765625 0.53359375 0.0375 0.0109375
1 0.4078125 0.06875 0.171875 0.1375
1 0.39765625 0.3359375 0.1078125 0.071875
1 0.21796875 0.2515625 0.0546875 0.046875
1 0.5953125 0.475 0.21875 0.1
1 0.3125 0.88125 0.06875 0.10625
1 0.23203125 0.703125 0.0640625 0.06875
1 0.20703125 0.6171875 0.0546875 0.0375
2 0.17109375 0.45546875 0.0328125 0.00625
2 0.18359375 0.5 0.0296875 0.0125
2 0.1625 0.465625 0.03125 0.00625
1 0.17421875 0.5140625 0.034375 0.0125
2 0.16015625 0.484375 0.0328125 0.00625
2 0.16484375 0.4921875 0.0234375 0.00625
2 0.15078125 0.4984375 0.0203125 0.00625