2 0.621875 0.8234375 0.1375 0.0625
2 0.35546875 0.6390625 0.075 0.059375
2 0.38828125 0.11640625 0.0828125 0.0578125
2 0.278125 0.29296875 0.05 0.0390625
2 0.2703125 0.371875 0.0625 0.0375
2 0.28046875 0.43125 0.05625 0.03125
2 0.30078125 0.45078125 0.0671875 0.0375
2 0.20546875 0.69453125 0.04375 0.015625
2 0.20625 0.71875 0.04375 0.0125
2 0.3796875 0.86875 0.078125 0.0515625
2 0.36171875 0.91484375 0.071875 0.0375
2 0.32734375 0.9359375 0.0765625 0.0375
2 0.29765625 0.91484375 0.05625 0.046875
2 0.3453125 0.990625 0.053125 0.01875
1 0.3015625 0.20625 0.075 0.11875
1 0.21953125 0.29765625 0.046875 0.06875
1 0.190625 0.384375 0.059375 0.0375
1 0.17421875 0.6671875 0.053125 0.034375
2 0.16796875 0.5359375 0.025 0.009375
2 0.165625 0.5 0.0375 0.009375
2 0.20078125 0.6609375 0.0375 0.015625
2 0.18125 0.6375 0.0375 0.009375
1 0.16953125 0.70390625 0.0421875 0.03125