2 0.6203125 0.90703125 0.0671875 0.1859375
2 0.6359375 0.7296875 0.06484375 0.190625
2 0.7390625 0.90078125 0.0953125 0.1984375
2 0.79375 0.771875 0.07265625 0.190625
2 0.69375 0.7125 0.06015625 0.2
2 0.671875 0.50546875 0.05 0.13359375
2 0.53125 0.515625 0.0359375 0.128125
2 0.4625 0.52734375 0.03984375 0.1375
2 0.515625 0.403125 0.03203125 0.1
2 0.5546875 0.340625 0.02734375 0.09140625
2 0.58125 0.30234375 0.02421875 0.08203125
2 0.525 0.27421875 0.021875 0.06796875
2 0.4578125 0.2890625 0.02421875 0.08046875
2 0.0984375 0.4171875 0.07421875 0.109375
2 0.1796875 0.28359375 0.0296875 0.08046875
2 0.159375 0.23046875 0.02109375 0.0640625
2 0.19453125 0.21796875 0.0171875 0.0640625
2 0.1078125 0.290625 0.02421875 0.06953125
2 0.06875 0.29375 0.0328125 0.07890625
2 0.096875 0.24375 0.01953125 0.059375
2 0.11796875 0.253125 0.028125 0.053125
2 0.3328125 0.17578125 0.01328125 0.05
2 0.52109375 0.18984375 0.015625 0.0515625
2 0.49296875 0.1609375 0.01015625 0.04375
2 0.5296875 0.1609375 0.01015625 0.040625
2 0.5078125 0.1359375 0.00703125 0.03671875
0 0.18515625 0.7203125 0.3703125 0.559375
1 0.875 0.26640625 0.11640625 0.06953125
1 0.70234375 0.18828125 0.071875 0.05546875
1 0.6140625 0.15859375 0.034375 0.05625
1 0.2796875 0.175 0.046875 0.059375
1 0.31796875 0.1484375 0.02734375 0.03828125
1 0.34296875 0.1328125 0.01953125 0.0359375