2 0.5 0.109375 0.0578125 0.2140625
2 0.60546875 0.359375 0.0453125 0.1875
2 0.63125 0.459375 0.046875 0.146875
2 0.79765625 0.07265625 0.1140625 0.1453125
2 0.45859375 0.5875 0.0328125 0.1140625
2 0.309375 0.609375 0.04375 0.1015625
2 0.32734375 0.67109375 0.0578125 0.0859375
2 0.584375 0.64765625 0.0625 0.0921875
2 0.4390625 0.83828125 0.009375 0.046875
2 0.44921875 0.853125 0.0109375 0.040625
2 0.4609375 0.834375 0.009375 0.05
2 0.4703125 0.84921875 0.009375 0.0390625
2 0.50859375 0.865625 0.0109375 0.04375
2 0.5359375 0.83203125 0.009375 0.0453125
2 0.24140625 0.8390625 0.015625 0.034375
2 0.2640625 0.8375 0.0125 0.04375
2 0.22421875 0.825 0.015625 0.0484375
1 0.56875 0.6984375 0.128125 0.109375
1 0.7 0.81875 0.071875 0.05
1 0.615625 0.8515625 0.040625 0.053125
2 0.271875 0.84375 0.015625 0.03125
1 0.30234375 0.8515625 0.0390625 0.059375
1 0.328125 0.86640625 0.028125 0.0359375
1 0.47890625 0.8671875 0.0203125 0.040625
1 0.4828125 0.90234375 0.015625 0.025
2 0.346875 0.85703125 0.0125 0.028125
1 0.28671875 0.871875 0.0296875 0.0375
1 0.36015625 0.89765625 0.0140625 0.0375