2 0.68671875 0.325 0.1625 0.046875
2 0.5296875 0.33203125 0.13125 0.0390625
2 0.36953125 0.5328125 0.1 0.01875
2 0.45390625 0.47734375 0.1140625 0.0328125
2 0.4890625 0.55703125 0.115625 0.0359375
2 0.5484375 0.6234375 0.14375 0.040625
2 0.765625 0.721875 0.215625 0.0640625
2 0.50859375 0.8140625 0.1046875 0.0375
2 0.36953125 0.8359375 0.0890625 0.028125
2 0.43125 0.83828125 0.078125 0.034375
2 0.35703125 0.79609375 0.0953125 0.034375
2 0.33125 0.7765625 0.075 0.028125
2 0.30234375 0.76328125 0.0734375 0.0234375
1 0.38828125 0.659375 0.1703125 0.121875
2 0.27734375 0.67890625 0.0546875 0.0171875
1 0.36328125 0.90703125 0.115625 0.1015625
1 0.6625 0.50859375 0.2875 0.0984375
1 0.434375 0.4171875 0.19375 0.0703125
1 0.28359375 0.1203125 0.075 0.121875
1 0.2078125 0.296875 0.0484375 0.06875
1 0.17265625 0.3859375 0.0578125 0.04375
2 0.171875 0.70859375 0.0375 0.015625
1 0.17890625 0.6890625 0.0453125 0.040625
1 0.22890625 0.7828125 0.078125 0.0703125
0 0.1328125 0.55234375 0.09375 0.034375
1 0.1515625 0.7078125 0.040625 0.028125
1 0.14453125 0.67734375 0.0390625 0.0328125
1 0.1328125 0.6359375 0.034375 0.01875
2 0.2015625 0.503125 0.04375 0.0125
2 0.16484375 0.52109375 0.034375 0.0078125
2 0.1453125 0.515625 0.03125 0.00625
2 0.146875 0.5078125 0.03125 0.0078125
2 0.1796875 0.4921875 0.034375 0.009375
2 0.14921875 0.4921875 0.0328125 0.00625
2 0.1515625 0.4796875 0.03125 0.009375
2 0.14609375 0.471875 0.0296875 0.00625
2 0.11953125 0.515625 0.025 0.00625
2 0.121875 0.50234375 0.028125 0.00625
2 0.109375 0.49375 0.021875 0.00625