2 0.61875 0.54921875 0.040625 0.1375
2 0.6953125 0.32109375 0.04296875 0.071875
2 0.7453125 0.2828125 0.0375 0.0515625
2 0.8859375 0.40078125 0.04453125 0.090625
2 0.86953125 0.371875 0.0390625 0.071875
2 0.8515625 0.31875 0.04921875 0.0625
2 0.3671875 0.29140625 0.02890625 0.0609375
2 0.3359375 0.26015625 0.01328125 0.065625
2 0.51484375 0.284375 0.0375 0.05546875
2 0.5546875 0.4234375 0.02421875 0.103125
2 0.5515625 0.35859375 0.01953125 0.05546875
2 0.5796875 0.24296875 0.02578125 0.053125
2 0.22265625 0.26875 0.01953125 0.06953125
2 0.20703125 0.2578125 0.015625 0.0640625
2 0.5296875 0.20078125 0.0171875 0.0484375
1 0.365625 0.6 0.10703125 0.21640625
1 0.29375 0.41171875 0.11328125 0.14296875
1 0.034375 0.33359375 0.06875 0.1046875
1 0.4484375 0.9328125 0.184375 0.134375
3 0.315625 0.1859375 0.04765625 0.078125
1 0.7015625 0.2328125 0.06796875 0.05390625
1 0.615625 0.19453125 0.03671875 0.05546875
2 0.50625 0.18515625 0.0078125 0.040625
2 0.4984375 0.1625 0.00703125 0.028125
2 0.521875 0.15625 0.00546875 0.02890625
2 0.4625 0.1421875 0.00625 0.0234375
2 0.46796875 0.13828125 0.00625 0.0265625
1 0.48671875 0.1328125 0.0140625 0.03203125
2 0.515625 0.14296875 0.00625 0.025
0 0.50546875 0.1125 0.015625 0.0390625