2 0.74375 0.2203125 0.2 0.059375
2 0.68046875 0.165625 0.1796875 0.05
2 0.36953125 0.5171875 0.0921875 0.021875
2 0.39296875 0.88125 0.0796875 0.05625
1 0.30078125 0.39375 0.096875 0.10625
2 0.21328125 0.34375 0.0375 0.00625
2 0.2203125 0.353125 0.05 0.0125
2 0.22265625 0.32265625 0.0515625 0.0109375
2 0.21171875 0.30546875 0.0453125 0.0109375
2 0.209375 0.28125 0.0453125 0.0125
2 0.2109375 0.2609375 0.046875 0.009375
2 0.21015625 0.24296875 0.04375 0.0140625
1 0.309375 0.24296875 0.09375 0.1078125
1 0.3765625 0.078125 0.103125 0.15625
1 0.26015625 0.590625 0.0625 0.078125
1 0.225 0.7015625 0.05 0.06875
1 0.19296875 0.6109375 0.053125 0.0375
1 0.184375 0.3265625 0.046875 0.0375
2 0.20078125 0.340625 0.0328125 0.00625
1 0.171875 0.296875 0.040625 0.0265625
2 0.15390625 0.33515625 0.0359375 0.0125
2 0.159375 0.3640625 0.03125 0.009375
2 0.1328125 0.5 0.03125 0.009375
2 0.14453125 0.49375 0.028125 0.00625
2 0.315625 0.05234375 0.028125 0.028125
1 0.29921875 0.94921875 0.0703125 0.0765625
2 0.55234375 0.9703125 0.1015625 0.059375