2 0.57265625 0.834375 0.1015625 0.05
2 0.109375 0.5609375 0.209375 0.065625
2 0.3484375 0.3890625 0.16875 0.053125
2 0.6453125 0.396875 0.084375 0.053125
2 0.67265625 0.228125 0.078125 0.046875
2 0.71484375 0.12734375 0.0671875 0.0421875
2 0.74375 0.6375 0.059375 0.0421875
2 0.70078125 0.46328125 0.065625 0.0421875
2 0.659375 0.4765625 0.0875 0.0421875
2 0.68203125 0.50625 0.0734375 0.0375
2 0.8109375 0.5484375 0.053125 0.015625
2 0.83125 0.528125 0.04375 0.0125
2 0.86484375 0.54609375 0.0359375 0.0125
2 0.86171875 0.51953125 0.0328125 0.009375
2 0.8765625 0.5125 0.028125 0.00625
2 0.8046875 0.69140625 0.0484375 0.015625
2 0.81875 0.734375 0.04375 0.0125
1 0.67734375 0.8546875 0.096875 0.13125
1 0.7265625 0.765625 0.071875 0.1125
2 0.5984375 0.9859375 0.096875 0.028125
1 0.7984375 0.29921875 0.05 0.0640625
1 0.8328125 0.38828125 0.0515625 0.0359375
1 0.73984375 0.2046875 0.0671875 0.090625
1 0.8296875 0.6953125 0.046875 0.03125
1 0.853125 0.7109375 0.04375 0.028125
1 0.846875 0.6765625 0.034375 0.03125
1 0.859375 0.6546875 0.03125 0.021875
2 0.67578125 0.0328125 0.0734375 0.0375