2 0.778125 0.86484375 0.09296875 0.21796875
2 0.7109375 0.88046875 0.07109375 0.23046875
2 0.6828125 0.634375 0.04453125 0.159375
2 0.4 0.4375 0.03046875 0.11640625
2 0.4765625 0.340625 0.02421875 0.084375
2 0.371875 0.30859375 0.034375 0.06640625
2 0.378125 0.28359375 0.02578125 0.05546875
1 0.2171875 0.3453125 0.08203125 0.09296875
2 0.1890625 0.26875 0.02421875 0.07109375
1 0.1328125 0.3375 0.096875 0.10859375
2 0.1171875 0.2796875 0.02734375 0.04296875
2 0.88203125 0.38515625 0.05625 0.0921875
2 0.85078125 0.30234375 0.0515625 0.065625
2 0.7796875 0.275 0.0390625 0.065625
2 0.7125 0.28671875 0.028125 0.0734375
2 0.678125 0.29921875 0.04453125 0.071875
2 0.58828125 0.234375 0.02265625 0.0578125
1 0.30703125 0.41015625 0.140625 0.13203125
1 0.5109375 0.55078125 0.09765625 0.22109375
1 0.70546875 0.2171875 0.0703125 0.04296875
1 0.61875 0.1828125 0.03359375 0.05703125
3 0.484375 0.24453125 0.034375 0.09453125
1 0.9140625 0.28515625 0.05234375 0.05703125
2 0.52265625 0.171875 0.009375 0.03359375
2 0.5140625 0.15 0.00625 0.025
2 0.4984375 0.13203125 0.00703125 0.028125
2 0.5125 0.12578125 0.00703125 0.02890625
2 0.52265625 0.134375 0.0078125 0.0265625