2 0.08203125 0.3515625 0.0328125 0.071875
2 0.1140625 0.38984375 0.053125 0.0890625
2 0.18984375 0.35390625 0.0546875 0.0796875
1 0.1453125 0.290625 0.1125 0.090625
2 0.18671875 0.31328125 0.040625 0.0609375
2 0.30078125 0.36015625 0.0546875 0.0859375
2 0.7515625 0.28828125 0.040625 0.0640625
2 0.77734375 0.27890625 0.028125 0.0578125
2 0.65625 0.27578125 0.0375 0.05625
2 0.56640625 0.2203125 0.0171875 0.053125
2 0.58984375 0.23359375 0.025 0.0515625
2 0.5203125 0.1890625 0.009375 0.040625
2 0.50390625 0.19921875 0.0125 0.0421875
2 0.65390625 0.203125 0.0140625 0.053125
2 0.69296875 0.20859375 0.0140625 0.046875
2 0.7203125 0.209375 0.015625 0.046875
2 0.73984375 0.2078125 0.0140625 0.040625
2 0.93125 0.27421875 0.0375 0.0578125
2 0.89921875 0.29453125 0.0390625 0.0609375
1 0.59453125 0.3125 0.1125 0.075
1 0.29765625 0.22265625 0.06875 0.059375
1 0.38515625 0.19140625 0.0375 0.05
1 0.97109375 0.35390625 0.0578125 0.0796875
1 0.671875 0.18515625 0.034375 0.0484375
1 0.7046875 0.17265625 0.0296875 0.046875
2 0.6828125 0.16640625 0.009375 0.028125
2 0.66171875 0.15078125 0.0078125 0.0265625