2 0.3109375 0.728125 0.05625 0.178125
2 0.8046875 0.60390625 0.065625 0.153125
2 0.378125 0.39296875 0.053125 0.0890625
2 0.1390625 0.484375 0.08125 0.121875
2 0.115625 0.3890625 0.059375 0.084375
1 0.5203125 0.35546875 0.134375 0.0890625
2 0.4953125 0.28359375 0.040625 0.0578125
2 0.6484375 0.25546875 0.03125 0.065625
2 0.70859375 0.2234375 0.015625 0.046875
2 0.7359375 0.21796875 0.01875 0.0484375
2 0.759375 0.23125 0.015625 0.053125
2 0.7625 0.2015625 0.015625 0.034375
2 0.746875 0.203125 0.0125 0.04375
2 0.7203125 0.2 0.009375 0.04375
2 0.70390625 0.19921875 0.0125 0.0375
2 0.67890625 0.2109375 0.0140625 0.040625
1 0.5796875 0.2890625 0.09375 0.078125
1 0.8328125 0.31875 0.121875 0.08125
1 0.54765625 0.21953125 0.0484375 0.046875
1 0.29375 0.225 0.078125 0.05625
1 0.3765625 0.18984375 0.028125 0.065625
1 0.5 0.16640625 0.015625 0.0421875
2 0.475 0.15078125 0.009375 0.034375
1 0.671875 0.18359375 0.0375 0.046875
2 0.65625 0.209375 0.015625 0.040625
1 0.703125 0.16796875 0.03125 0.0359375
2 0.6515625 0.1515625 0.009375 0.028125