2 0.5 0.890625 0.0578125 0.2140625
2 0.60546875 0.640625 0.0453125 0.1859375
2 0.63125 0.540625 0.04609375 0.14609375
2 0.79765625 0.92734375 0.1140625 0.1453125
2 0.45859375 0.4125 0.0328125 0.1140625
2 0.309375 0.390625 0.04453125 0.1015625
2 0.32734375 0.32890625 0.0578125 0.0859375
2 0.584375 0.35234375 0.06171875 0.09296875
2 0.4390625 0.16171875 0.01015625 0.046875
2 0.44921875 0.146875 0.0109375 0.03984375
2 0.4609375 0.165625 0.0078125 0.0484375
2 0.4703125 0.15078125 0.009375 0.03984375
2 0.50859375 0.134375 0.01171875 0.04296875
2 0.5359375 0.16796875 0.009375 0.0453125
2 0.24140625 0.1609375 0.015625 0.0359375
2 0.2640625 0.1625 0.01171875 0.0421875
2 0.22421875 0.175 0.015625 0.0484375
1 0.56875 0.3015625 0.12734375 0.10859375
1 0.7 0.18125 0.07109375 0.0515625
1 0.615625 0.1484375 0.03984375 0.053125
2 0.271875 0.15625 0.01484375 0.03203125
1 0.30234375 0.1484375 0.03984375 0.0609375
1 0.328125 0.13359375 0.02890625 0.0359375
1 0.47890625 0.1328125 0.02109375 0.0421875
1 0.4828125 0.09765625 0.0171875 0.025
2 0.346875 0.14296875 0.0125 0.028125
1 0.28671875 0.128125 0.0296875 0.0390625
1 0.36015625 0.10234375 0.0140625 0.0375