2 0.496875 0.49921875 0.03203125 0.1265625
2 0.2171875 0.74609375 0.06640625 0.18359375
2 0.1515625 0.7828125 0.06015625 0.19296875
2 0.8859375 0.3875 0.0546875 0.0890625
2 0.3609375 0.2078125 0.0125 0.04609375
2 0.34453125 0.21015625 0.0125 0.04765625
2 0.321875 0.21328125 0.01015625 0.0484375
2 0.3046875 0.21171875 0.01171875 0.04765625
2 0.246875 0.2078125 0.01171875 0.04609375
2 0.28046875 0.209375 0.01328125 0.0515625
2 0.2578125 0.20859375 0.01171875 0.04921875
1 0.43359375 0.29609375 0.10625 0.09140625
1 0.646875 0.275 0.09140625 0.05546875
1 0.7046875 0.22734375 0.065625 0.05390625
1 0.6140625 0.1984375 0.03984375 0.05546875
1 0.2078125 0.31875 0.125 0.1015625
1 0.0453125 0.3734375 0.090625 0.1125
2 0.29375 0.1984375 0.0078125 0.0359375
1 0.3265625 0.18203125 0.0359375 0.05
1 0.296875 0.17109375 0.03125 0.0390625
2 0.34296875 0.153125 0.00625 0.0265625
2 0.496875 0.1578125 0.0109375 0.03203125
2 0.50625 0.14921875 0.00859375 0.0265625
2 0.50078125 0.1296875 0.00625 0.02109375
2 0.49453125 0.11484375 0.00625 0.0265625
2 0.5109375 0.11796875 0.00546875 0.025