2 0.1796875 0.6296875 0.0625 0.1765625
1 0.4421875 0.778125 0.17890625 0.4390625
2 0.365625 0.57421875 0.040625 0.12890625
2 0.26171875 0.8984375 0.06875 0.203125
2 0.178125 0.8765625 0.08671875 0.2140625
2 0.61640625 0.87265625 0.0765625 0.2265625
2 0.58359375 0.584375 0.0390625 0.15
2 0.7890625 0.37265625 0.05078125 0.09296875
2 0.61015625 0.3578125 0.0265625 0.1
2 0.5859375 0.43359375 0.02734375 0.11640625
2 0.54296875 0.39375 0.025 0.0984375
2 0.57109375 0.328125 0.02421875 0.0859375
2 0.525 0.46328125 0.02734375 0.12890625
2 0.5265625 0.31171875 0.0203125 0.07421875
2 0.48828125 0.27578125 0.01484375 0.0625
2 0.5 0.2546875 0.01171875 0.0625
2 0.5109375 0.21640625 0.01328125 0.05078125
2 0.53515625 0.23671875 0.01484375 0.0640625
2 0.48203125 0.21875 0.0125 0.05390625
2 0.46796875 0.1828125 0.00859375 0.04296875
2 0.4859375 0.17578125 0.009375 0.03828125
2 0.5421875 0.18671875 0.01171875 0.04296875
2 0.4984375 0.14921875 0.0078125 0.034375
2 0.5265625 0.16015625 0.0109375 0.0359375
2 0.50078125 0.1734375 0.00859375 0.040625
0 0.3640625 0.3359375 0.15234375 0.321875
2 0.359375 0.1640625 0.01171875 0.0421875
2 0.09453125 0.26484375 0.03125 0.06328125
2 0.11015625 0.29609375 0.025 0.07421875
1 0.703125 0.20859375 0.06640625 0.053125
1 0.87890625 0.284375 0.1203125 0.06953125
1 0.1625 0.29375 0.09375 0.11796875
1 0.25625 0.21875 0.0515625 0.0625
1 0.3109375 0.17421875 0.03515625 0.0375
1 0.6171875 0.17265625 0.0359375 0.05390625
1 0.29375 0.153125 0.02890625 0.04296875
1 0.3265625 0.146875 0.02265625 0.0390625
1 0.3453125 0.12578125 0.01640625 0.040625
1 0.3578125 0.14140625 0.01796875 0.0390625
2 0.45625 0.14921875 0.00703125 0.03203125
2 0.478125 0.134375 0.00703125 0.028125
2 0.49140625 0.1296875 0.00625 0.02890625
2 0.509375 0.13125 0.0078125 0.03203125
2 0.496875 0.1125 0.00703125 0.021875
2 0.5109375 0.11328125 0.00703125 0.0234375