2 0.57109375 0.81484375 0.0671875 0.2078125
2 0.603125 0.70703125 0.06015625 0.17578125
2 0.6421875 0.6453125 0.04453125 0.1578125
2 0.67578125 0.58828125 0.03828125 0.15859375
2 0.7609375 0.81796875 0.07890625 0.20859375
2 0.54140625 0.5546875 0.03125 0.14140625
2 0.5734375 0.4859375 0.0359375 0.12578125
2 0.68125 0.453125 0.03671875 0.1171875
2 0.5875 0.3328125 0.028125 0.0828125
2 0.55703125 0.246875 0.0171875 0.0640625
2 0.49140625 0.3296875 0.02109375 0.0828125
2 0.51015625 0.29921875 0.021875 0.075
2 0.52265625 0.25 0.0140625 0.0578125
2 0.4640625 0.3515625 0.02421875 0.09140625
2 0.465625 0.21640625 0.0140625 0.05234375
2 0.5109375 0.21171875 0.01640625 0.04453125
0 0.19375 0.6640625 0.3875 0.671875
2 0.04609375 0.40703125 0.059375 0.09453125
2 0.12265625 0.34140625 0.040625 0.08828125
2 0.146875 0.25859375 0.0234375 0.06875
2 0.1203125 0.26015625 0.02421875 0.06953125
2 0.07890625 0.2890625 0.0296875 0.0828125
2 0.03359375 0.28203125 0.0328125 0.078125
2 0.29296875 0.21640625 0.01484375 0.053125
2 0.21796875 0.2 0.01953125 0.053125
2 0.51484375 0.16328125 0.01328125 0.04140625
2 0.52265625 0.13984375 0.00703125 0.03359375
2 0.49453125 0.14375 0.0109375 0.040625
1 0.878125 0.27109375 0.121875 0.071875
1 0.7015625 0.18984375 0.0796875 0.04609375
1 0.615625 0.15859375 0.0375 0.0609375
1 0.25859375 0.18984375 0.053125 0.06796875
1 0.3078125 0.15546875 0.03359375 0.04140625
1 0.3375 0.13984375 0.02734375 0.03203125