2 0.35234375 0.8171875 0.1578125 0.05625
2 0.6125 0.52421875 0.10625 0.0265625
2 0.6890625 0.271875 0.065625 0.046875
2 0.61484375 0.1171875 0.0875 0.0546875
2 0.734375 0.22265625 0.0625 0.03125
2 0.71953125 0.2015625 0.0609375 0.034375
2 0.64765625 0.8140625 0.0921875 0.034375
2 0.65859375 0.8625 0.06875 0.0296875
2 0.71796875 0.8515625 0.0546875 0.034375
2 0.7484375 0.890625 0.059375 0.0375
2 0.6859375 0.925 0.065625 0.059375
2 0.59921875 0.93125 0.1015625 0.040625
2 0.80234375 0.509375 0.0453125 0.0125
2 0.8171875 0.52265625 0.040625 0.0109375
1 0.70390625 0.121875 0.0703125 0.125
1 0.7828125 0.29453125 0.046875 0.06875
1 0.8109375 0.384375 0.059375 0.034375
2 0.7109375 0.4265625 0.065625 0.01875
2 0.8078125 0.7 0.034375 0.0125
1 0.82890625 0.703125 0.0390625 0.03125
2 0.825 0.6734375 0.034375 0.0078125
2 0.840625 0.6671875 0.03125 0.009375
2 0.83671875 0.65078125 0.028125 0.0078125
2 0.85859375 0.6421875 0.021875 0.0078125
2 0.82109375 0.49375 0.0421875 0.015625
2 0.853125 0.53671875 0.028125 0.00625
2 0.85546875 0.515625 0.025 0.00625
2 0.87421875 0.51796875 0.0265625 0.00625
1 0.86953125 0.49765625 0.028125 0.0125
2 0.84453125 0.48984375 0.0328125 0.0109375
2 0.859375 0.48515625 0.025 0.00625
2 0.88046875 0.51328125 0.0203125 0.00625
1 0.890625 0.496875 0.021875 0.0125