2 0.78125 0.2109375 0.190625 0.075
2 0.390625 0.440625 0.0875 0.05625
2 0.390625 0.88359375 0.08125 0.053125
1 0.3375 0.0984375 0.103125 0.134375
2 0.2921875 0.04921875 0.05625 0.0375
2 0.2140625 0.26171875 0.04375 0.0125
2 0.2125 0.2828125 0.046875 0.0125
2 0.21484375 0.3046875 0.0453125 0.009375
2 0.2109375 0.34609375 0.040625 0.0140625
2 0.22734375 0.42421875 0.05 0.021875
2 0.21015625 0.51875 0.046875 0.009375
2 0.171875 0.50703125 0.03125 0.0078125
1 0.30546875 0.2109375 0.071875 0.10625
1 0.30234375 0.63359375 0.0953125 0.1125
1 0.2921875 0.8625 0.065625 0.11875
1 0.22421875 0.703125 0.0453125 0.06875
1 0.190625 0.61484375 0.04375 0.0390625
1 0.18203125 0.328125 0.040625 0.0390625