2 0.2109375 0.78125 0.075 0.190625
2 0.440625 0.390625 0.05703125 0.0875
2 0.88359375 0.390625 0.053125 0.08046875
1 0.0984375 0.3375 0.13359375 0.103125
2 0.04921875 0.2921875 0.03671875 0.05703125
2 0.26171875 0.2140625 0.01328125 0.04375
2 0.2828125 0.2125 0.0125 0.04609375
2 0.3046875 0.21484375 0.01015625 0.0453125
2 0.34609375 0.2109375 0.01328125 0.0390625
2 0.42421875 0.22734375 0.02265625 0.05
2 0.51875 0.21015625 0.009375 0.04765625
2 0.50703125 0.171875 0.00859375 0.03203125
1 0.2109375 0.30546875 0.10625 0.071875
1 0.63359375 0.30234375 0.1125 0.09609375
1 0.8625 0.2921875 0.11953125 0.065625
1 0.703125 0.22421875 0.0671875 0.04609375
1 0.61484375 0.190625 0.0390625 0.04453125
1 0.328125 0.18203125 0.0390625 0.04140625