2 0.578125 0.39609375 0.0234375 0.0890625
2 0.6546875 0.7421875 0.053125 0.190625
2 0.53125 0.3546875 0.0265625 0.0734375
2 0.53046875 0.30859375 0.009375 0.04453125
2 0.340625 0.271875 0.01875 0.06640625
2 0.36875 0.2921875 0.02421875 0.0625
2 0.17265625 0.28515625 0.028125 0.0765625
2 0.1078125 0.34921875 0.03984375 0.0875
2 0.8828125 0.396875 0.05859375 0.08828125
2 0.85 0.3171875 0.0515625 0.06875
2 0.69453125 0.31328125 0.053125 0.06484375
2 0.65390625 0.26640625 0.03515625 0.0515625
2 0.5875 0.28984375 0.04140625 0.06015625
2 0.5171875 0.21328125 0.02109375 0.04296875
1 0.28125 0.3953125 0.09765625 0.12109375
1 0.34609375 0.5390625 0.10625 0.16953125
1 0.4484375 0.81640625 0.18203125 0.36640625
1 0.903125 0.3046875 0.05625 0.08203125
1 0.7046875 0.2328125 0.06875 0.0515625
1 0.61484375 0.1984375 0.034375 0.05859375
3 0.2671875 0.22890625 0.06328125 0.10859375
2 0.8484375 0.28125 0.03671875 0.05703125
2 0.50625 0.16953125 0.0078125 0.03359375
2 0.521875 0.178125 0.009375 0.0359375
2 0.4984375 0.15 0.00546875 0.028125
1 0.4875 0.128125 0.0125 0.028125
0 0.5015625 0.1078125 0.01796875 0.040625