2 0.16875 0.37421875 0.0625 0.140625
2 0.184375 0.19609375 0.08125 0.1796875
2 0.2734375 0.22421875 0.071875 0.2046875
2 0.35625 0.24296875 0.065625 0.2140625
2 0.884375 0.59609375 0.059375 0.0921875
2 0.846875 0.675 0.046875 0.075
2 0.778125 0.70234375 0.0375 0.0625
2 0.67734375 0.72265625 0.0359375 0.05625
2 0.67890625 0.6734375 0.0453125 0.065625
2 0.55703125 0.70546875 0.0171875 0.0609375
2 0.3703125 0.6734375 0.034375 0.071875
2 0.3765625 0.70078125 0.025 0.0640625
2 0.54140625 0.7671875 0.0140625 0.046875
2 0.51796875 0.74765625 0.01875 0.05
2 0.51640625 0.7984375 0.0046875 0.040625
2 0.52421875 0.784375 0.0125 0.040625
1 0.4234375 0.44921875 0.109375 0.209375
1 0.296875 0.5671875 0.103125 0.128125
1 0.184375 0.646875 0.1125 0.10625
3 0.54609375 0.1984375 0.121875 0.359375
1 0.70546875 0.765625 0.0671875 0.046875
1 0.896875 0.690625 0.065625 0.078125
1 0.6171875 0.790625 0.040625 0.05
1 0.3046875 0.78203125 0.034375 0.05
2 0.51953125 0.81875 0.00625 0.03125
2 0.5375 0.80703125 0.0109375 0.040625
2 0.3578125 0.83203125 0.009375 0.0421875