2 0.053125 0.33203125 0.0390625 0.071875
2 0.3671875 0.23828125 0.02890625 0.0484375
2 0.44765625 0.23203125 0.015625 0.05859375
2 0.515625 0.31796875 0.02265625 0.08046875
2 0.75078125 0.2671875 0.0265625 0.0546875
2 0.7640625 0.28359375 0.0375 0.05859375
2 0.7296875 0.3109375 0.04296875 0.065625
2 0.884375 0.38671875 0.05625 0.08828125
2 0.35 0.18671875 0.01015625 0.0390625
2 0.31796875 0.19375 0.01015625 0.04765625
2 0.30078125 0.20078125 0.01015625 0.03671875
2 0.2828125 0.20546875 0.0140625 0.04765625
2 0.23125 0.2140625 0.021875 0.04375
1 0.8625 0.29765625 0.12109375 0.0765625
1 0.7015625 0.21484375 0.0734375 0.0484375
1 0.6140625 0.18828125 0.03046875 0.0515625