2 0.0515625 0.0875 0.103125 0.11875
2 0.1296875 0.7609375 0.2265625 0.078125
2 0.5671875 0.828125 0.10625 0.04375
2 0.5359375 0.1140625 0.103125 0.0625
2 0.5859375 0.1265625 0.09375 0.034375
2 0.78046875 0.240625 0.046875 0.025
1 0.671875 0.25625 0.128125 0.11875
2 0.7515625 0.22890625 0.028125 0.0203125
2 0.82109375 0.43515625 0.0390625 0.0109375
1 0.84921875 0.2953125 0.040625 0.028125
2 0.83828125 0.31171875 0.0375 0.0109375
2 0.8421875 0.3296875 0.04375 0.0125
2 0.83359375 0.35859375 0.04375 0.009375
1 0.71015625 0.1625 0.090625 0.08125
1 0.64609375 0.0453125 0.1484375 0.090625
1 0.40546875 0.58984375 0.2578125 0.1234375
1 0.7109375 0.87734375 0.071875 0.125
1 0.790625 0.7046875 0.05 0.065625
1 0.821875 0.61640625 0.05625 0.028125
1 0.80703125 0.29375 0.046875 0.04375
3 0.5203125 0.3734375 0.2125 0.078125
3 0.79296875 0.48671875 0.1546875 0.0546875
3 0.8234375 0.51953125 0.059375 0.015625
3 0.8203125 0.4546875 0.05625 0.01875
2 0.86875 0.4578125 0.034375 0.00625
2 0.8796875 0.46875 0.028125 0.009375
0 0.91796875 0.4703125 0.0390625 0.015625
2 0.853125 0.35 0.03125 0.009375