2 0.221875 0.13515625 0.09375 0.2171875
2 0.2890625 0.11953125 0.071875 0.23125
2 0.3171875 0.365625 0.04375 0.159375
2 0.6 0.5625 0.03125 0.115625
2 0.5234375 0.659375 0.025 0.084375
2 0.628125 0.69140625 0.034375 0.0671875
2 0.621875 0.71640625 0.025 0.0546875
1 0.7828125 0.6546875 0.08125 0.09375
2 0.8109375 0.73125 0.025 0.071875
1 0.8671875 0.6625 0.096875 0.109375
2 0.8828125 0.7203125 0.028125 0.04375
2 0.11796875 0.61484375 0.05625 0.0921875
2 0.14921875 0.69765625 0.0515625 0.065625
2 0.2203125 0.725 0.040625 0.065625
2 0.2875 0.71328125 0.028125 0.0734375
2 0.321875 0.70078125 0.04375 0.071875
2 0.41171875 0.765625 0.0234375 0.05625
1 0.69296875 0.58984375 0.140625 0.1328125
1 0.4890625 0.44921875 0.096875 0.2203125
1 0.29453125 0.7828125 0.0703125 0.04375
1 0.38125 0.8171875 0.034375 0.05625
3 0.515625 0.75546875 0.034375 0.0953125
1 0.0859375 0.71484375 0.053125 0.0578125
2 0.47734375 0.828125 0.009375 0.034375
2 0.4859375 0.85 0.00625 0.025
2 0.5015625 0.86796875 0.00625 0.028125
2 0.4875 0.87421875 0.0078125 0.028125
2 0.47734375 0.865625 0.0078125 0.025