2 0.2390625 0.678125 0.059375 0.175
2 0.1546875 0.6015625 0.059375 0.134375
2 0.2125 0.51484375 0.059375 0.1078125
2 0.05 0.6109375 0.096875 0.13125
2 0.19375 0.409375 0.040625 0.1
2 0.5640625 0.41796875 0.028125 0.1046875
2 0.55 0.321875 0.021875 0.06875
2 0.51796875 0.2875 0.025 0.0875
2 0.44609375 0.2421875 0.01875 0.078125
2 0.728125 0.31171875 0.053125 0.059375
2 0.8859375 0.38359375 0.059375 0.0859375
2 0.78671875 0.26171875 0.034375 0.0546875
2 0.7984375 0.2765625 0.0375 0.05625
2 0.4765625 0.22265625 0.009375 0.0453125
2 0.52265625 0.23359375 0.0140625 0.046875
2 0.26328125 0.2390625 0.01875 0.059375
2 0.23046875 0.24140625 0.021875 0.0625
2 0.21015625 0.2390625 0.0171875 0.065625
2 0.10390625 0.246875 0.0390625 0.059375
2 0.02421875 0.31328125 0.0328125 0.065625
2 0.1140625 0.31484375 0.034375 0.078125
2 0.22734375 0.32109375 0.0265625 0.0796875
2 0.4796875 0.18046875 0.009375 0.0296875
2 0.478125 0.15859375 0.009375 0.025
1 0.509375 0.165625 0.021875 0.0359375
1 0.2921875 0.16640625 0.0375 0.0359375
1 0.703125 0.215625 0.06875 0.046875
1 0.87421875 0.296875 0.1265625 0.06875
1 0.615625 0.1859375 0.0375 0.059375
2 0.3359375 0.16171875 0.009375 0.0328125
1 0.503125 0.1234375 0.0125 0.03125