2 0.675 0.68671875 0.04765625 0.1625
2 0.66796875 0.5296875 0.0390625 0.13203125
2 0.4671875 0.36953125 0.01953125 0.1
2 0.52265625 0.45390625 0.0328125 0.1140625
2 0.44296875 0.4890625 0.0359375 0.1140625
2 0.3765625 0.5484375 0.0390625 0.14453125
2 0.278125 0.765625 0.0640625 0.215625
2 0.1859375 0.50859375 0.03671875 0.10546875
2 0.1640625 0.36953125 0.02890625 0.08828125
2 0.16171875 0.43125 0.034375 0.078125
2 0.20390625 0.35703125 0.034375 0.0953125
2 0.2234375 0.33125 0.0296875 0.075
2 0.23671875 0.30234375 0.0234375 0.07265625
1 0.340625 0.38828125 0.12265625 0.17109375
2 0.32109375 0.27734375 0.01640625 0.0546875
1 0.09296875 0.36328125 0.1015625 0.115625
1 0.49140625 0.6625 0.0984375 0.2859375
1 0.5828125 0.434375 0.0703125 0.19296875
1 0.8796875 0.28359375 0.121875 0.075
1 0.703125 0.2078125 0.06796875 0.0484375
1 0.6140625 0.17265625 0.04296875 0.05703125
2 0.29140625 0.171875 0.015625 0.0375
1 0.3109375 0.17890625 0.0390625 0.04453125
1 0.2171875 0.22890625 0.0703125 0.078125
0 0.44765625 0.1328125 0.034375 0.09296875
1 0.2921875 0.1515625 0.02734375 0.04140625
1 0.32265625 0.14453125 0.0328125 0.0390625
1 0.3640625 0.1328125 0.01953125 0.034375
2 0.496875 0.2015625 0.0109375 0.04453125
2 0.47890625 0.16484375 0.0078125 0.034375
2 0.484375 0.1453125 0.00625 0.03203125
2 0.4921875 0.146875 0.0078125 0.03046875
2 0.5078125 0.1796875 0.01015625 0.034375
2 0.5078125 0.14921875 0.00625 0.03203125
2 0.5203125 0.1515625 0.00859375 0.03046875
2 0.528125 0.14609375 0.00703125 0.03046875
2 0.484375 0.11953125 0.00546875 0.025
2 0.49765625 0.121875 0.00625 0.02890625
2 0.50625 0.109375 0.00703125 0.02109375