2 0.0453125 0.3703125 0.0609375 0.08203125
2 0.14921875 0.24296875 0.0328125 0.0609375
2 0.88359375 0.38359375 0.0578125 0.0859375
2 0.73203125 0.26953125 0.01953125 0.0546875
2 0.7140625 0.2828125 0.02890625 0.05625
2 0.6953125 0.3078125 0.04765625 0.065625
2 0.509375 0.234375 0.01796875 0.05234375
2 0.2796875 0.2078125 0.01328125 0.04765625
2 0.2984375 0.2 0.01015625 0.0453125
2 0.3125 0.2 0.0109375 0.04453125
2 0.34375 0.19375 0.01875 0.0421875
2 0.4265625 0.2109375 0.01640625 0.04296875
1 0.85 0.29921875 0.1203125 0.0734375
1 0.7015625 0.2171875 0.0734375 0.0484375
1 0.6171875 0.1890625 0.03671875 0.053125
2 0.3265625 0.16796875 0.00859375 0.028125
1 0.35078125 0.1609375 0.0296875 0.04140625
1 0.296875 0.16875 0.0296875 0.040625
2 0.45703125 0.178125 0.009375 0.0359375
2 0.51953125 0.14765625 0.0078125 0.02890625
2 0.4640625 0.140625 0.00625 0.0265625
2 0.484375 0.12578125 0.00703125 0.02109375
2 0.5 0.12578125 0.01015625 0.0234375
2 0.50625 0.11796875 0.0046875 0.01640625
2 0.5109375 0.10859375 0.0046875 0.0140625
2 0.82578125 0.26640625 0.0328125 0.03359375