2 0.80546875 0.2734375 0.21875 0.140625
2 0.90390625 0.3265625 0.1921875 0.121875
2 0.7671875 0.60234375 0.1984375 0.046875
2 0.7234375 0.6890625 0.19375 0.05
2 0.9421875 0.7671875 0.115625 0.109375
2 0.36640625 0.49609375 0.0953125 0.05
2 0.2484375 0.42890625 0.0609375 0.034375
2 0.253125 0.3875 0.0625 0.028125
2 0.43359375 0.09296875 0.0921875 0.0515625
2 0.3984375 0.884375 0.08125 0.059375
2 0.203125 0.45078125 0.040625 0.0125
2 0.2015625 0.496875 0.0375 0.009375
2 0.26875 0.259375 0.065625 0.021875
2 0.2640625 0.29921875 0.0625 0.0171875
2 0.234375 0.31953125 0.05 0.0140625
2 0.2640625 0.24140625 0.05625 0.0125
2 0.25703125 0.2265625 0.0640625 0.0125
2 0.27265625 0.20703125 0.065625 0.0171875
2 0.26171875 0.1890625 0.059375 0.0125
1 0.303125 0.1328125 0.096875 0.109375
2 0.23671875 0.17890625 0.0453125 0.0125
1 0.33671875 0.7796875 0.0984375 0.146875
1 0.3015625 0.9125 0.05625 0.0625
1 0.225 0.70234375 0.04375 0.0640625
1 0.196875 0.61484375 0.053125 0.0421875
1 0.178125 0.4859375 0.04375 0.021875
1 0.1375 0.4921875 0.028125 0.015625
2 0.2453125 0.215625 0.04375 0.009375
2 0.22890625 0.2421875 0.034375 0.0109375
2 0.240625 0.2703125 0.040625 0.0125
2 0.22734375 0.253125 0.034375 0.009375
2 0.21328125 0.26328125 0.03125 0.0078125
2 0.2 0.27890625 0.03125 0.0078125
2 0.2046875 0.2890625 0.03125 0.0125
1 0.19453125 0.32578125 0.053125 0.0375
1 0.16015625 0.359375 0.0421875 0.025
1 0.17734375 0.29453125 0.03125 0.0265625