2 0.0796875 0.671875 0.159375 0.075
2 0.371875 0.515625 0.16875 0.0375
2 0.5140625 0.48125 0.115625 0.034375
2 0.11484375 0.3 0.215625 0.078125
2 0.690625 0.26796875 0.06875 0.0546875
2 0.61953125 0.11796875 0.0953125 0.0609375
2 0.6296875 0.7640625 0.0875 0.028125
2 0.609375 0.8578125 0.0875 0.03125
2 0.58359375 0.934375 0.1046875 0.046875
2 0.640625 0.8953125 0.1 0.034375
2 0.68125 0.80078125 0.065625 0.0234375
2 0.690625 0.86484375 0.08125 0.028125
2 0.74765625 0.91484375 0.0609375 0.0390625
2 0.58359375 0.99375 0.0609375 0.0125
2 0.73203125 0.8078125 0.0546875 0.0234375
2 0.76328125 0.7671875 0.046875 0.021875
2 0.8 0.53828125 0.05 0.0140625
2 0.7953125 0.4578125 0.046875 0.0125
2 0.80625 0.7046875 0.0375 0.009375
2 0.8 0.69375 0.04375 0.01875
1 0.66328125 0.44375 0.1078125 0.075
1 0.70234375 0.1203125 0.0828125 0.128125
1 0.7828125 0.296875 0.053125 0.071875
1 0.809375 0.38125 0.05625 0.0375
1 0.8234375 0.49453125 0.05625 0.0296875
2 0.846875 0.5484375 0.028125 0.00625
2 0.8375 0.53984375 0.028125 0.009375
2 0.8421875 0.5203125 0.03125 0.0078125
2 0.83359375 0.525 0.0328125 0.00625
2 0.8671875 0.5421875 0.028125 0.00625
2 0.85625 0.5328125 0.025 0.00625
2 0.87421875 0.5296875 0.0234375 0.009375
3 0.871875 0.50859375 0.046875 0.0171875
2 0.8546875 0.478125 0.021875 0.00625
2 0.87109375 0.48515625 0.0203125 0.00625
1 0.8328125 0.70390625 0.04375 0.0328125
2 0.834375 0.678125 0.028125 0.009375
2 0.840625 0.6703125 0.03125 0.009375
2 0.85078125 0.6375 0.0296875 0.00625
2 0.7140625 0.203125 0.040625 0.034375
2 0.73359375 0.20625 0.04375 0.0296875