2 0.09296875 0.6203125 0.1859375 0.0671875
2 0.2703125 0.6359375 0.190625 0.065625
2 0.09921875 0.7390625 0.1984375 0.096875
2 0.228125 0.79375 0.190625 0.071875
2 0.2875 0.69375 0.2 0.059375
2 0.49453125 0.671875 0.1328125 0.05
2 0.484375 0.53125 0.128125 0.0375
2 0.47265625 0.4625 0.1375 0.040625
2 0.596875 0.515625 0.1 0.03125
2 0.659375 0.5546875 0.090625 0.028125
2 0.69765625 0.58125 0.08125 0.025
2 0.72578125 0.525 0.06875 0.021875
2 0.7109375 0.4578125 0.08125 0.025
2 0.5828125 0.0984375 0.109375 0.075
2 0.71640625 0.1796875 0.0796875 0.028125
2 0.76953125 0.159375 0.0640625 0.021875
2 0.78203125 0.19453125 0.0640625 0.0171875
2 0.709375 0.1078125 0.06875 0.025
2 0.70625 0.06875 0.078125 0.03125
2 0.75625 0.096875 0.059375 0.01875
2 0.746875 0.11796875 0.053125 0.028125
2 0.82421875 0.3328125 0.05 0.0125
2 0.81015625 0.52109375 0.0515625 0.015625
2 0.8390625 0.49296875 0.04375 0.0109375
2 0.8390625 0.5296875 0.040625 0.009375
2 0.8640625 0.5078125 0.0375 0.00625
0 0.2796875 0.18515625 0.559375 0.3703125
1 0.73359375 0.875 0.0703125 0.115625
1 0.81171875 0.70234375 0.0546875 0.071875
1 0.84140625 0.6140625 0.05625 0.034375
1 0.825 0.2796875 0.059375 0.046875
1 0.8515625 0.31796875 0.0375 0.0265625
1 0.8671875 0.34296875 0.0359375 0.01875