2 0.3734375 0.11875 0.084375 0.0375
2 0.30078125 0.0734375 0.0671875 0.03125
2 0.26640625 0.2890625 0.0578125 0.040625
2 0.35234375 0.4203125 0.0953125 0.021875
2 0.5203125 0.5390625 0.13125 0.0375
2 0.31171875 0.7296875 0.059375 0.046875
2 0.2890625 0.7890625 0.059375 0.0390625
2 0.2609375 0.7640625 0.065625 0.028125
2 0.3875 0.8828125 0.090625 0.053125
2 0.2046875 0.4625 0.046875 0.009375
2 0.1890625 0.5359375 0.046875 0.01875
2 0.2 0.284375 0.04375 0.015625
2 0.334375 0.02421875 0.075 0.0359375
2 0.30390625 0.03515625 0.065625 0.025
1 0.30234375 0.8703125 0.0734375 0.128125
1 0.22109375 0.7015625 0.046875 0.06875
1 0.190625 0.6171875 0.05 0.0375
2 0.1921875 0.3078125 0.034375 0.009375
2 0.1875 0.32578125 0.0375 0.0078125
1 0.16953125 0.296875 0.0359375 0.0296875
2 0.16015625 0.33671875 0.0328125 0.0078125
2 0.184375 0.3578125 0.0375 0.009375
1 0.1453125 0.36640625 0.0375 0.01875
2 0.15078125 0.4828125 0.034375 0.00625
2 0.11953125 0.46875 0.0203125 0.00625
2 0.11875 0.48359375 0.0234375 0.0078125
2 0.14765625 0.50234375 0.028125 0.0140625