2 0.125 0.83828125 0.12734375 0.215625
2 0.240625 0.73046875 0.0671875 0.19453125
2 0.284375 0.53671875 0.0515625 0.1484375
2 0.39609375 0.45546875 0.0640625 0.11953125
2 0.4921875 0.48515625 0.03359375 0.12890625
2 0.60859375 0.6453125 0.05 0.1625
2 0.46953125 0.37109375 0.03125 0.09140625
2 0.375 0.2796875 0.04140625 0.06796875
2 0.1984375 0.25703125 0.0296875 0.0765625
2 0.22578125 0.26484375 0.04375 0.065625
2 0.15 0.25859375 0.04609375 0.0671875
2 0.24375 0.18125 0.01171875 0.03203125
2 0.26328125 0.175 0.0125 0.04296875
2 0.01875 0.28671875 0.03671875 0.06015625
1 0.3171875 0.25078125 0.09453125 0.07890625
1 0.4484375 0.21484375 0.05859375 0.07109375
1 0.7 0.19453125 0.06953125 0.05390625
1 0.61328125 0.16484375 0.0390625 0.05390625
1 0.5125 0.18125 0.0359375 0.0484375
2 0.2765625 0.16875 0.01171875 0.034375
1 0.30234375 0.16484375 0.0359375 0.06484375
1 0.3265625 0.1484375 0.0265625 0.0375
1 0.34453125 0.1359375 0.02578125 0.0296875
1 0.290625 0.13828125 0.02421875 0.0375
2 0.4921875 0.09609375 0.00703125 0.021875
2 0.509375 0.1 0.00546875 0.01953125
2 0.47109375 0.0796875 0.0046875 0.01796875