2 0.1796875 0.75625 0.06015625 0.1875
2 0.2875 0.571875 0.0546875 0.140625
2 0.45859375 0.9390625 0.0640625 0.121875
2 0.3734375 0.3796875 0.02734375 0.1015625
2 0.4484375 0.3953125 0.02578125 0.1015625
2 0.41484375 0.371875 0.025 0.084375
2 0.41171875 0.28984375 0.021875 0.0625
2 0.4671875 0.35234375 0.01640625 0.07890625
2 0.4796875 0.30859375 0.015625 0.071875
2 0.4359375 0.2546875 0.01640625 0.05703125
2 0.5890625 0.3703125 0.02109375 0.1015625
2 0.728125 0.3125 0.04609375 0.06640625
2 0.796875 0.27734375 0.03984375 0.0625
2 0.8859375 0.378125 0.06015625 0.0890625
2 0.24609375 0.2296875 0.01640625 0.05546875
2 0.27734375 0.21640625 0.0140625 0.04765625
2 0.234375 0.21875 0.009375 0.04609375
2 0.45234375 0.23125 0.01328125 0.05703125
2 0.42265625 0.19765625 0.009375 0.04453125
2 0.55390625 0.24140625 0.01640625 0.059375
3 0.1171875 0.47265625 0.234375 0.215625
3 0.49453125 0.2171875 0.0421875 0.0984375
1 0.53125 0.53125 0.09375 0.22109375
1 0.8734375 0.29375 0.12109375 0.0734375
1 0.70078125 0.215625 0.0703125 0.0515625
1 0.61328125 0.18671875 0.040625 0.0625
1 0.52109375 0.18828125 0.0203125 0.0484375
1 0.29453125 0.165625 0.0296875 0.046875
2 0.30234375 0.17578125 0.0125 0.03203125
2 0.3359375 0.1625 0.0078125 0.03046875
2 0.3453125 0.171875 0.00859375 0.03359375
2 0.33984375 0.14375 0.00625 0.0265625
2 0.365625 0.1515625 0.00703125 0.03046875
2 0.5046875 0.146875 0.00703125 0.0234375
2 0.51875 0.14453125 0.0078125 0.025
2 0.4625 0.1171875 0.0046875 0.01796875
1 0.4875 0.11796875 0.01640625 0.028125
1 0.50859375 0.12421875 0.0125 0.02890625
3 0.4734375 0.10078125 0.0078125 0.02890625
3 0.4890625 0.0890625 0.01328125 0.03046875
3 0.50390625 0.1 0.0078125 0.025