2 0.2203125 0.25625 0.059375 0.2
2 0.165625 0.31953125 0.0515625 0.18125
2 0.5171875 0.63046875 0.021875 0.0921875
2 0.88125 0.60703125 0.05625 0.0796875
1 0.39375 0.69921875 0.10625 0.0953125
2 0.34375 0.78671875 0.00625 0.0375
2 0.353125 0.7796875 0.0140625 0.05
2 0.32265625 0.77734375 0.0109375 0.0515625
2 0.30546875 0.78828125 0.0125 0.04375
2 0.28125 0.790625 0.0125 0.04375
2 0.2609375 0.7890625 0.009375 0.046875
2 0.24296875 0.78984375 0.0140625 0.0421875
1 0.24296875 0.690625 0.1078125 0.09375
1 0.078125 0.6234375 0.15625 0.103125
1 0.590625 0.73984375 0.078125 0.0625
1 0.7015625 0.775 0.06875 0.05
1 0.6109375 0.80703125 0.0375 0.053125
1 0.3265625 0.815625 0.0375 0.046875
2 0.340625 0.79921875 0.00625 0.0328125
1 0.296875 0.828125 0.025 0.040625
2 0.33515625 0.84609375 0.0125 0.0359375
2 0.3640625 0.840625 0.009375 0.03125
2 0.5 0.8671875 0.009375 0.03125
2 0.49375 0.85546875 0.00625 0.028125
2 0.05234375 0.684375 0.028125 0.028125
1 0.94921875 0.70078125 0.0765625 0.071875
2 0.9703125 0.44765625 0.059375 0.1015625