2 0.73828125 0.9296875 0.075 0.140625
2 0.8484375 0.31484375 0.0484375 0.06328125
2 0.884375 0.40078125 0.0484375 0.10390625
2 0.80078125 0.40546875 0.03515625 0.09375
2 0.69609375 0.315625 0.04921875 0.06171875
2 0.68046875 0.2640625 0.03515625 0.05234375
2 0.5796875 0.45078125 0.02890625 0.103125
2 0.58671875 0.56171875 0.03984375 0.13828125
2 0.46328125 0.28125 0.0375 0.06328125
2 0.3609375 0.28515625 0.02109375 0.06015625
2 0.33984375 0.23984375 0.0109375 0.053125
2 0.2328125 0.240625 0.01796875 0.05625
2 0.2703125 0.225 0.0140625 0.0515625
2 0.54609375 0.22265625 0.0140625 0.046875
2 0.509375 0.21640625 0.0078125 0.04453125
1 0.39609375 0.7453125 0.1546875 0.3484375
1 0.32578125 0.45 0.103125 0.16640625
1 0.0703125 0.33828125 0.125 0.10703125
1 0.9109375 0.296875 0.05859375 0.05703125
1 0.70390625 0.23203125 0.059375 0.05546875
1 0.609375 0.196875 0.04609375 0.065625
2 0.503125 0.184375 0.01171875 0.0390625
2 0.5265625 0.17109375 0.00859375 0.03359375
2 0.4640625 0.15234375 0.00859375 0.034375
2 0.515625 0.153125 0.0046875 0.03203125
1 0.4859375 0.14140625 0.01328125 0.025
0 0.509375 0.11875 0.01953125 0.04609375
3 0.346875 0.1609375 0.0296875 0.06640625