2 0.09921875 0.55546875 0.0796875 0.11953125
2 0.62734375 0.69296875 0.046875 0.171875
2 0.7453125 0.85 0.078125 0.21640625
2 0.77421875 0.428125 0.0703125 0.103125
2 0.56796875 0.471875 0.0359375 0.125
2 0.39296875 0.3421875 0.025 0.0875
2 0.25546875 0.2984375 0.025 0.071875
2 0.14609375 0.3984375 0.0515625 0.0890625
2 0.0609375 0.3796875 0.0578125 0.084375
2 0.2890625 0.2109375 0.01484375 0.046875
2 0.553125 0.2375 0.01796875 0.053125
2 0.33046875 0.1875 0.01328125 0.04375
1 0.571875 0.33515625 0.06015625 0.115625
1 0.8734375 0.29375 0.115625 0.0734375
1 0.7 0.21171875 0.06796875 0.0484375
1 0.61640625 0.18125 0.0421875 0.05703125
1 0.5125 0.2296875 0.04609375 0.0625
3 0.396875 0.70625 0.17265625 0.44609375
3 0.465625 0.13046875 0.01328125 0.0359375
3 0.48671875 0.13359375 0.0296875 0.075
1 0.2328125 0.246875 0.0625 0.0765625
1 0.125 0.31015625 0.14921875 0.109375
1 0.29296875 0.15859375 0.034375 0.046875
3 0.4546875 0.18828125 0.02890625 0.05703125
2 0.31875 0.171875 0.01015625 0.040625
3 0.5140625 0.13828125 0.01484375 0.04296875
2 0.46875 0.1015625 0.0046875 0.01953125
0 0.475 0.07265625 0.0109375 0.03203125
2 0.5078125 0.10625 0.00546875 0.0234375