2 0.6078125 0.3640625 0.046875 0.165625
2 0.4390625 0.1140625 0.065625 0.2109375
2 0.32734375 0.4421875 0.05 0.1484375
2 0.1609375 0.38515625 0.065625 0.1375
2 0.15703125 0.49453125 0.0546875 0.1203125
2 0.7875 0.653125 0.053125 0.0875
2 0.68203125 0.73828125 0.046875 0.059375
2 0.6890625 0.70625 0.046875 0.075
2 0.5375 0.66328125 0.0515625 0.0734375
2 0.38671875 0.66953125 0.053125 0.0796875
2 0.44765625 0.79375 0.0140625 0.053125
2 0.409375 0.790625 0.021875 0.05
2 0.5265625 0.815625 0.015625 0.05625
2 0.01953125 0.73671875 0.0390625 0.059375
2 0.2015625 0.67578125 0.04375 0.075
2 0.246875 0.66640625 0.046875 0.0734375
2 0.16875 0.64609375 0.0625 0.0828125
2 0.31171875 0.7546875 0.040625 0.065625
2 0.24453125 0.7359375 0.0484375 0.06875
1 0.521875 0.7265625 0.10625 0.078125
1 0.303125 0.8359375 0.040625 0.053125
1 0.33203125 0.85078125 0.0203125 0.0359375
1 0.69921875 0.8015625 0.0671875 0.053125
1 0.61328125 0.8328125 0.0375 0.053125
1 0.2875 0.853125 0.025 0.05
1 0.35859375 0.875 0.021875 0.034375
2 0.3640625 0.853125 0.009375 0.03125