2 0.38984375 0.8828125 0.0859375 0.0609375
2 0.35859375 0.7671875 0.0796875 0.05625
2 0.346875 0.659375 0.08125 0.053125
2 0.37265625 0.546875 0.0765625 0.05
2 0.27734375 0.415625 0.0578125 0.034375
2 0.2234375 0.45 0.04375 0.021875
2 0.240625 0.37109375 0.053125 0.0328125
2 0.29609375 0.34375 0.05625 0.040625
2 0.278125 0.35390625 0.059375 0.0265625
2 0.27890625 0.30703125 0.0484375 0.0328125
2 0.25078125 0.3234375 0.0390625 0.028125
2 0.290625 0.21484375 0.0625 0.0390625
2 0.20625 0.28203125 0.04375 0.0140625
2 0.20625 0.26015625 0.046875 0.0125
2 0.20859375 0.3046875 0.0515625 0.0125
2 0.2078125 0.34765625 0.046875 0.015625
1 0.3125 0.49375 0.075 0.115625
1 0.1953125 0.6140625 0.065625 0.034375
1 0.22578125 0.7 0.05625 0.06875
1 0.296875 0.890625 0.08125 0.084375
1 0.171875 0.2953125 0.0375 0.028125
1 0.178125 0.321875 0.05 0.03125
2 0.15703125 0.3421875 0.025 0.009375