2 0.5765625 0.6015625 0.040625 0.165625
2 0.628125 0.659375 0.040625 0.165625
2 0.7078125 0.771875 0.071875 0.178125
2 0.634375 0.903125 0.0625 0.19375
2 0.165625 0.384375 0.065625 0.078125
2 0.228125 0.30859375 0.05 0.0703125
2 0.47890625 0.25 0.015625 0.046875
2 0.4421875 0.2578125 0.01875 0.059375
2 0.4890625 0.21875 0.0125 0.04375
2 0.653125 0.215625 0.0125 0.05625
2 0.7921875 0.328125 0.03125 0.08125
2 0.9140625 0.29453125 0.015625 0.0703125
1 0.859375 0.33125 0.090625 0.11875
2 0.90078125 0.30625 0.0171875 0.0625
2 0.7875 0.26171875 0.025 0.0515625
2 0.82109375 0.25703125 0.01875 0.04375
2 0.553125 0.178125 0.009375 0.04375
3 0.471875 0.56328125 0.115625 0.340625
3 0.709375 0.49375 0.19375 0.2375
1 0.34765625 0.571875 0.1109375 0.2015625
1 0.1171875 0.2953125 0.13125 0.06875
1 0.296875 0.21640625 0.075 0.0453125
1 0.3859375 0.190625 0.040625 0.05
1 0.475 0.190625 0.034375 0.046875
1 0.5078125 0.165625 0.025 0.046875
1 0.70625 0.16484375 0.03125 0.0421875
2 0.7 0.18359375 0.0125 0.0328125
2 0.6453125 0.1546875 0.00625 0.028125
3 0.5375 0.13984375 0.0125 0.0375
3 0.5328125 0.11328125 0.009375 0.0234375
3 0.5140625 0.11015625 0.021875 0.0578125
3 0.4890625 0.12109375 0.009375 0.0328125
2 0.471875 0.15703125 0.009375 0.028125