2 0.81484375 0.57109375 0.2078125 0.0671875
2 0.70703125 0.603125 0.175 0.059375
2 0.6453125 0.6421875 0.159375 0.04375
2 0.58828125 0.67578125 0.159375 0.0375
2 0.81796875 0.7609375 0.209375 0.0796875
2 0.5546875 0.54140625 0.140625 0.03125
2 0.4859375 0.5734375 0.125 0.034375
2 0.453125 0.68125 0.11875 0.0375
2 0.3328125 0.5875 0.0828125 0.028125
2 0.246875 0.55703125 0.0640625 0.0171875
2 0.3296875 0.49140625 0.084375 0.0203125
2 0.29921875 0.51015625 0.075 0.021875
2 0.25 0.52265625 0.05625 0.0140625
2 0.3515625 0.4640625 0.090625 0.025
2 0.21640625 0.465625 0.053125 0.0140625
2 0.21171875 0.5109375 0.0453125 0.015625
0 0.6640625 0.19375 0.671875 0.3875
2 0.40703125 0.04609375 0.09375 0.059375
2 0.34140625 0.12265625 0.0890625 0.040625
2 0.25859375 0.146875 0.06875 0.025
2 0.26015625 0.1203125 0.0703125 0.025
2 0.2890625 0.07890625 0.084375 0.0296875
2 0.28203125 0.03359375 0.078125 0.0328125
2 0.21640625 0.29296875 0.053125 0.0140625
2 0.2 0.21796875 0.053125 0.0203125
2 0.16328125 0.51484375 0.0421875 0.0140625
2 0.13984375 0.52265625 0.0328125 0.0078125
2 0.14375 0.49453125 0.040625 0.0109375
1 0.27109375 0.878125 0.071875 0.121875
1 0.18984375 0.7015625 0.0453125 0.078125
1 0.15859375 0.615625 0.0609375 0.0375
1 0.18984375 0.25859375 0.0671875 0.053125
1 0.15546875 0.3078125 0.040625 0.034375
1 0.13984375 0.3375 0.0328125 0.028125