2 0.875 0.83828125 0.128125 0.215625
2 0.759375 0.73046875 0.06875 0.1953125
2 0.715625 0.53671875 0.0515625 0.1484375
2 0.60390625 0.45546875 0.0640625 0.1203125
2 0.5078125 0.48515625 0.034375 0.1296875
2 0.39140625 0.6453125 0.05 0.1625
2 0.53046875 0.37109375 0.03125 0.090625
2 0.625 0.2796875 0.040625 0.06875
2 0.8015625 0.25703125 0.028125 0.0765625
2 0.77421875 0.26484375 0.04375 0.065625
2 0.85 0.25859375 0.046875 0.0671875
2 0.75625 0.18125 0.0125 0.03125
2 0.73671875 0.175 0.0125 0.04375
2 0.98125 0.28671875 0.0375 0.0609375
1 0.6828125 0.25078125 0.09375 0.0796875
1 0.5515625 0.21484375 0.059375 0.0703125
1 0.3 0.19453125 0.06875 0.0546875
1 0.38671875 0.16484375 0.0390625 0.0546875
1 0.4875 0.18125 0.0375 0.05
2 0.7234375 0.16875 0.0125 0.034375
1 0.69765625 0.16484375 0.0359375 0.0640625
1 0.6734375 0.1484375 0.028125 0.0375
1 0.65546875 0.1359375 0.0265625 0.028125
1 0.709375 0.13828125 0.025 0.0375
2 0.5078125 0.09609375 0.00625 0.021875
2 0.490625 0.1 0.00625 0.01875
2 0.52890625 0.0796875 0.0046875 0.01875