2 0.44453125 0.90078125 0.11875 0.0796875
2 0.30703125 0.37265625 0.171875 0.046875
2 0.15 0.2546875 0.215625 0.078125
2 0.571875 0.22578125 0.103125 0.0703125
2 0.528125 0.43203125 0.125 0.0359375
2 0.6578125 0.60703125 0.0875 0.025
2 0.7015625 0.74453125 0.071875 0.025
2 0.6015625 0.85390625 0.0890625 0.0515625
2 0.6203125 0.9390625 0.084375 0.0578125
2 0.7890625 0.7109375 0.046875 0.015625
2 0.7625 0.446875 0.053125 0.01875
2 0.8125 0.66953125 0.04375 0.0140625
1 0.66484375 0.428125 0.115625 0.059375
1 0.70625 0.1265625 0.0734375 0.115625
1 0.78828125 0.3 0.0484375 0.06875
1 0.81875 0.38359375 0.05625 0.0421875
1 0.7703125 0.4875 0.0625 0.046875
3 0.29375 0.603125 0.446875 0.171875
3 0.86953125 0.534375 0.0359375 0.0125
3 0.86640625 0.51328125 0.075 0.0296875
1 0.753125 0.7671875 0.075 0.0625
1 0.68984375 0.875 0.109375 0.15
1 0.84140625 0.70703125 0.046875 0.034375
3 0.81171875 0.5453125 0.0578125 0.028125
2 0.828125 0.68125 0.040625 0.009375
3 0.86171875 0.4859375 0.04375 0.015625
2 0.8984375 0.53125 0.01875 0.00625
0 0.92734375 0.525 0.0328125 0.0125
2 0.89375 0.4921875 0.025 0.00625