2 0.50625 0.39296875 0.13125 0.0375
2 0.53828125 0.334375 0.134375 0.046875
2 0.4515625 0.28828125 0.096875 0.0375
2 0.37890625 0.115625 0.0859375 0.053125
2 0.296875 0.1484375 0.0734375 0.05
2 0.271875 0.2203125 0.065625 0.04375
2 0.28125 0.33125 0.06875 0.0375
2 0.2953125 0.31796875 0.065625 0.04375
2 0.26875 0.51953125 0.06875 0.021875
2 0.3609375 0.57578125 0.09375 0.025
2 0.30390625 0.62734375 0.071875 0.0375
2 0.2734375 0.6234375 0.065625 0.021875
1 0.40625 0.9421875 0.128125 0.115625
2 0.321875 0.9203125 0.05625 0.040625
2 0.33046875 0.971875 0.0796875 0.040625
2 0.20859375 0.45 0.0421875 0.015625
2 0.18203125 0.7125 0.046875 0.015625
1 0.4125 0.49609375 0.1375 0.0734375
1 0.384375 0.71875 0.121875 0.140625
1 0.3296875 0.79453125 0.090625 0.0859375
3 0.87421875 0.428125 0.2515625 0.259375
3 0.203125 0.5140625 0.071875 0.028125
1 0.1828125 0.3828125 0.053125 0.034375
1 0.21015625 0.29765625 0.0421875 0.071875
1 0.284375 0.09375 0.078125 0.05625
2 0.15234375 0.67109375 0.0375 0.009375
2 0.13359375 0.48984375 0.028125 0.00625
2 0.146875 0.484375 0.025 0.00625
2 0.11484375 0.503125 0.0234375 0.00625
2 0.11875 0.48046875 0.028125 0.0078125