2 0.575 0.52734375 0.034375 0.134375
2 0.528125 0.34453125 0.025 0.0796875
2 0.7421875 0.315625 0.046875 0.0625
2 0.85 0.27734375 0.0375 0.0578125
2 0.84921875 0.315625 0.0453125 0.0625
2 0.88203125 0.396875 0.053125 0.096875
2 0.5265625 0.21796875 0.0125 0.040625
2 0.53828125 0.2703125 0.0140625 0.059375
2 0.49140625 0.26796875 0.0140625 0.0640625
2 0.38125 0.27421875 0.03125 0.0515625
2 0.3359375 0.25 0.0125 0.05625
2 0.2125 0.2640625 0.025 0.046875
2 0.128125 0.2734375 0.034375 0.065625
2 0.4640625 0.1984375 0.0125 0.04375
2 0.36953125 0.1921875 0.0078125 0.040625
2 0.30859375 0.18515625 0.009375 0.040625
1 0.209375 0.40703125 0.115625 0.1546875
1 0.43515625 0.95234375 0.1640625 0.0953125
1 0.7015625 0.23203125 0.06875 0.046875
1 0.6171875 0.2 0.040625 0.05