2 0.703125 0.77734375 0.071875 0.1875
2 0.2171875 0.671875 0.06328125 0.1765625
2 0.4890625 0.4078125 0.06640625 0.090625
2 0.621875 0.284375 0.04296875 0.05546875
2 0.884375 0.39140625 0.06015625 0.08046875
1 0.38125 0.353125 0.14921875 0.10859375
2 0.3421875 0.27265625 0.03359375 0.0515625
2 0.2890625 0.27421875 0.03828125 0.05390625
2 0.32734375 0.234375 0.0109375 0.05078125
2 0.3453125 0.22890625 0.0125 0.0515625
2 0.2640625 0.20390625 0.01015625 0.03359375
2 0.3 0.21171875 0.01328125 0.0453125
2 0.2390625 0.21484375 0.01015625 0.0484375
2 0.2765625 0.21015625 0.01328125 0.04921875
2 0.25234375 0.21953125 0.01171875 0.04140625
1 0.5171875 0.2890625 0.096875 0.09140625
1 0.23125 0.31640625 0.1234375 0.1
1 0.7015625 0.22421875 0.0640625 0.059375
1 0.61328125 0.18984375 0.0390625 0.04296875
1 0.41796875 0.2375 0.06875 0.0640625
1 0.503125 0.178125 0.02265625 0.05
2 0.5359375 0.171875 0.0078125 0.046875
1 0.32734375 0.18203125 0.0359375 0.05
2 0.33125 0.190625 0.00703125 0.02890625
2 0.3421875 0.19296875 0.01484375 0.03046875
1 0.2953125 0.16484375 0.02734375 0.034375
2 0.31875 0.15625 0.00625 0.015625
2 0.325 0.153125 0.00546875 0.01796875
2 0.33203125 0.1515625 0.0078125 0.021875
2 0.3546875 0.146875 0.00703125 0.0265625
2 0.95 0.52421875 0.08046875 0.1125