2 0.1171875 0.38984375 0.059375 0.0859375
2 0.2328125 0.35859375 0.05625 0.08125
2 0.340625 0.346875 0.053125 0.08125
2 0.453125 0.37265625 0.05 0.0765625
2 0.584375 0.27734375 0.034375 0.0578125
2 0.55 0.2234375 0.021875 0.04375
2 0.62890625 0.240625 0.0328125 0.053125
2 0.65625 0.29609375 0.040625 0.0578125
2 0.64609375 0.278125 0.0265625 0.059375
2 0.69296875 0.27890625 0.034375 0.05
2 0.6765625 0.25078125 0.028125 0.0390625
2 0.78515625 0.290625 0.0390625 0.0625
2 0.71796875 0.20625 0.0140625 0.04375
2 0.73984375 0.20625 0.0140625 0.046875
2 0.6953125 0.20859375 0.0125 0.0515625
2 0.65234375 0.2078125 0.015625 0.046875
1 0.50625 0.3125 0.115625 0.075
1 0.3859375 0.1953125 0.034375 0.065625
1 0.3 0.22578125 0.06875 0.0578125
1 0.109375 0.296875 0.084375 0.08125
1 0.7046875 0.171875 0.028125 0.0375
1 0.678125 0.178125 0.03125 0.05
2 0.6578125 0.15703125 0.009375 0.025