2 0.12578125 0.409375 0.0375 0.1
2 0.0953125 0.45390625 0.059375 0.1109375
2 0.1921875 0.659375 0.05625 0.16875
2 0.65625 0.525 0.0375 0.1375
2 0.828125 0.42890625 0.04375 0.1046875
2 0.18046875 0.22421875 0.0359375 0.0484375
1 0.2421875 0.321875 0.128125 0.121875
2 0.19921875 0.25 0.025 0.04375
1 0.1 0.33671875 0.10625 0.109375
1 0.55859375 0.4296875 0.0828125 0.134375
1 0.878125 0.284375 0.134375 0.08125
1 0.7046875 0.2109375 0.0734375 0.059375
1 0.615625 0.1796875 0.0328125 0.065625
1 0.27734375 0.20859375 0.05 0.065625
3 0.41640625 0.346875 0.053125 0.128125
3 0.48828125 0.17265625 0.0515625 0.1328125
2 0.3328125 0.1953125 0.009375 0.0375
1 0.29453125 0.153125 0.0296875 0.0359375
2 0.2984375 0.16875 0.00625 0.025
2 0.31171875 0.17109375 0.0109375 0.0328125
2 0.3359375 0.16484375 0.009375 0.0328125
2 0.334375 0.14296875 0.0078125 0.028125
3 0.5171875 0.165625 0.015625 0.053125
3 0.459375 0.165625 0.015625 0.05
2 0.44375 0.1546875 0.009375 0.034375
2 0.46015625 0.11796875 0.0078125 0.034375
2 0.4703125 0.10546875 0.00625 0.01875
0 0.4734375 0.078125 0.0125 0.034375
2 0.515625 0.12890625 0.009375 0.034375