2 0.6078125 0.6359375 0.0453125 0.1640625
2 0.4390625 0.8859375 0.06484375 0.2109375
2 0.32734375 0.5578125 0.05 0.1484375
2 0.1609375 0.61484375 0.06640625 0.1375
2 0.15703125 0.50546875 0.0546875 0.11953125
2 0.7875 0.346875 0.053125 0.0875
2 0.68203125 0.26171875 0.04765625 0.05859375
2 0.6890625 0.29375 0.046875 0.07578125
2 0.5375 0.33671875 0.0515625 0.0734375
2 0.38671875 0.33046875 0.053125 0.08046875
2 0.44765625 0.20625 0.01484375 0.05390625
2 0.409375 0.209375 0.02265625 0.05078125
2 0.5265625 0.184375 0.01640625 0.05546875
2 0.01953125 0.26328125 0.0390625 0.059375
2 0.2015625 0.32421875 0.04296875 0.075
2 0.246875 0.33359375 0.04765625 0.07265625
2 0.16875 0.35390625 0.06171875 0.0828125
2 0.31171875 0.2453125 0.03984375 0.06640625
2 0.24453125 0.2640625 0.04921875 0.06875
1 0.521875 0.2734375 0.1046875 0.0765625
1 0.303125 0.1640625 0.03984375 0.05390625
1 0.33203125 0.14921875 0.0203125 0.0359375
1 0.69921875 0.1984375 0.06796875 0.0515625
1 0.61328125 0.1671875 0.03671875 0.05234375
1 0.2875 0.146875 0.02578125 0.05
1 0.35859375 0.125 0.021875 0.03359375
2 0.3640625 0.146875 0.00859375 0.03203125