2 0.08203125 0.6484375 0.0328125 0.071875
2 0.1140625 0.61015625 0.053125 0.0890625
2 0.18984375 0.64609375 0.0546875 0.0796875
1 0.1453125 0.709375 0.1125 0.090625
2 0.18671875 0.68671875 0.040625 0.0609375
2 0.30078125 0.63984375 0.0546875 0.0859375
2 0.7515625 0.71171875 0.040625 0.0625
2 0.77734375 0.72109375 0.028125 0.0578125
2 0.65625 0.72421875 0.0375 0.0578125
2 0.56640625 0.7796875 0.0171875 0.053125
2 0.58984375 0.76640625 0.025 0.0515625
2 0.5203125 0.8109375 0.009375 0.040625
2 0.50390625 0.80078125 0.0125 0.0421875
2 0.65390625 0.796875 0.0140625 0.053125
2 0.69296875 0.79140625 0.0140625 0.046875
2 0.7203125 0.790625 0.015625 0.046875
2 0.73984375 0.7921875 0.0140625 0.040625
2 0.93125 0.72578125 0.0375 0.0578125
2 0.89921875 0.70546875 0.0390625 0.0609375
1 0.59453125 0.6875 0.1125 0.075
1 0.29765625 0.77734375 0.06875 0.059375
1 0.38515625 0.80859375 0.0375 0.05
1 0.97109375 0.64609375 0.0578125 0.0796875
1 0.671875 0.81484375 0.034375 0.0484375
1 0.7046875 0.82734375 0.0296875 0.046875
2 0.6828125 0.83359375 0.009375 0.028125
2 0.66171875 0.84921875 0.0078125 0.0265625