2 0.125 0.41015625 0.0359375 0.07421875
2 0.1421875 0.4859375 0.0484375 0.1109375
2 0.8265625 0.428125 0.0453125 0.11015625
2 0.42421875 0.209375 0.01015625 0.04296875
2 0.26953125 0.21875 0.021875 0.05234375
3 0.2453125 0.80703125 0.21484375 0.3859375
3 0.48203125 0.24609375 0.0640625 0.225
1 0.878125 0.28515625 0.121875 0.090625
1 0.7 0.20390625 0.07265625 0.05
1 0.615625 0.17734375 0.02890625 0.0515625
1 0.66171875 0.83984375 0.2109375 0.3203125
1 0.2578125 0.3296875 0.12734375 0.134375
1 0.2125 0.25859375 0.06875 0.071875
1 0.109375 0.29140625 0.1046875 0.13359375
1 0.309375 0.178125 0.04453125 0.05