2 0.8828125 0.38984375 0.0609375 0.08515625
2 0.7671875 0.35859375 0.05546875 0.08046875
2 0.659375 0.346875 0.053125 0.08203125
2 0.546875 0.37265625 0.04921875 0.0765625
2 0.415625 0.27734375 0.03359375 0.0578125
2 0.45 0.2234375 0.021875 0.04296875
2 0.37109375 0.240625 0.0328125 0.05390625
2 0.34375 0.29609375 0.040625 0.05703125
2 0.35390625 0.278125 0.02734375 0.05859375
2 0.30703125 0.27890625 0.03359375 0.04921875
2 0.3234375 0.25078125 0.02734375 0.0390625
2 0.21484375 0.290625 0.03984375 0.0625
2 0.28203125 0.20625 0.0140625 0.04296875
2 0.26015625 0.20625 0.01328125 0.04765625
2 0.3046875 0.20859375 0.01171875 0.05078125
2 0.34765625 0.2078125 0.015625 0.04609375
1 0.49375 0.3125 0.11640625 0.075
1 0.6140625 0.1953125 0.03515625 0.065625
1 0.7 0.22578125 0.06953125 0.05703125
1 0.890625 0.296875 0.084375 0.08203125
1 0.2953125 0.171875 0.02734375 0.0390625
1 0.321875 0.178125 0.03046875 0.05
2 0.3421875 0.15703125 0.01015625 0.025