2 0.89296875 0.43828125 0.2140625 0.0640625
2 0.88125 0.33359375 0.221875 0.0828125
2 0.7890625 0.7796875 0.2328125 0.1125
2 0.6578125 0.609375 0.18125 0.05
2 0.35859375 0.4328125 0.096875 0.053125
2 0.3109375 0.59609375 0.06875 0.046875
2 0.3 0.659375 0.06875 0.046875
2 0.39453125 0.08203125 0.0921875 0.0578125
1 0.303125 0.23125 0.084375 0.121875
2 0.2484375 0.246875 0.046875 0.034375
2 0.2125 0.29296875 0.053125 0.0140625
2 0.17890625 0.26484375 0.0421875 0.0140625
2 0.1640625 0.4828125 0.040625 0.0125
2 0.11796875 0.46015625 0.021875 0.0078125
2 0.14375 0.48515625 0.025 0.009375
2 0.28671875 0.75703125 0.0640625 0.0453125
2 0.34453125 0.7484375 0.0796875 0.05
2 0.31796875 0.90078125 0.071875 0.0453125
1 0.2734375 0.1171875 0.084375 0.115625
1 0.25625 0.715625 0.059375 0.078125
1 0.2 0.70078125 0.053125 0.065625
1 0.16953125 0.61328125 0.053125 0.0328125
2 0.12265625 0.48359375 0.0234375 0.009375
1 0.16875 0.30234375 0.05 0.0390625
1 0.15078125 0.3265625 0.034375 0.028125
1 0.13671875 0.346875 0.0328125 0.01875
1 0.1453125 0.2890625 0.0375 0.028125
2 0.1078125 0.4796875 0.01875 0.00625