2 0.22109375 0.9203125 0.0875 0.159375
2 0.221875 0.6953125 0.06875 0.18203125
2 0.33125 0.590625 0.08984375 0.159375
2 0.42734375 0.4609375 0.0421875 0.121875
2 0.47265625 0.62734375 0.0390625 0.15703125
2 0.6109375 0.6515625 0.05 0.175
2 0.4625 0.284375 0.04375 0.065625
2 0.13125 0.28046875 0.05625 0.07265625
2 0.05078125 0.2765625 0.0546875 0.071875
2 0.2640625 0.1765625 0.0125 0.0421875
2 0.8671875 0.35546875 0.05546875 0.084375
1 0.24140625 0.27109375 0.1140625 0.0890625
1 0.4171875 0.23671875 0.08203125 0.090625
1 0.53671875 0.2078125 0.053125 0.0625
1 0.70078125 0.19609375 0.06875 0.05546875
1 0.6125 0.16484375 0.03828125 0.05703125
2 0.278125 0.16796875 0.01171875 0.03046875
1 0.303125 0.165625 0.03671875 0.05390625
1 0.328125 0.14921875 0.02578125 0.04296875
1 0.34609375 0.1359375 0.02421875 0.02890625
2 0.46875 0.08828125 0.00703125 0.02109375
2 0.4921875 0.103125 0.00859375 0.021875
2 0.509375 0.11171875 0.00625 0.0265625