2 0.2828125 0.0640625 0.071875 0.0375
2 0.3125 0.040625 0.071875 0.0375
2 0.31875 0.01015625 0.04375 0.0203125
2 0.41328125 0.01640625 0.0828125 0.0328125
2 0.44296875 0.140625 0.08125 0.05
2 0.53046875 0.15703125 0.115625 0.046875
2 0.43515625 0.8265625 0.1046875 0.053125
1 0.32421875 0.26015625 0.1203125 0.125
2 0.2296875 0.27265625 0.05625 0.01875
2 0.2640625 0.41171875 0.059375 0.0140625
2 0.2046875 0.434375 0.05 0.0125
3 0.32109375 0.49375 0.325 0.1
2 0.1671875 0.4453125 0.040625 0.009375
2 0.20078125 0.54453125 0.04375 0.009375
1 0.2890625 0.8734375 0.071875 0.121875
1 0.203125 0.7046875 0.04375 0.0703125
1 0.17578125 0.61796875 0.0421875 0.0390625
1 0.23671875 0.234375 0.0625 0.053125
1 0.24921875 0.1671875 0.1078125 0.078125
1 0.171875 0.3234375 0.05625 0.040625
1 0.159375 0.29140625 0.04375 0.028125
2 0.1390625 0.31875 0.01875 0.0125
2 0.1359375 0.3515625 0.034375 0.009375
2 0.146875 0.459375 0.03125 0.009375
2 0.1515625 0.471875 0.034375 0.009375
2 0.11875 0.46875 0.0234375 0.00625
2 0.1265625 0.490625 0.025 0.00625
0 0.08828125 0.4671875 0.0484375 0.01875
2 0.10859375 0.484375 0.021875 0.00625
2 0.109375 0.49765625 0.0234375 0.0078125