2 0.2734375 0.80546875 0.140625 0.21953125
2 0.3265625 0.90390625 0.12265625 0.19140625
2 0.60234375 0.7671875 0.046875 0.1984375
2 0.6890625 0.7234375 0.05078125 0.19453125
2 0.7671875 0.9421875 0.10859375 0.115625
2 0.49609375 0.36640625 0.05 0.09453125
2 0.42890625 0.2484375 0.034375 0.0609375
2 0.3875 0.253125 0.02890625 0.0609375
2 0.09296875 0.43359375 0.0515625 0.09140625
2 0.884375 0.3984375 0.06015625 0.08125
2 0.45078125 0.203125 0.0125 0.04140625
2 0.496875 0.2015625 0.01015625 0.03828125
2 0.259375 0.26875 0.02109375 0.065625
2 0.29921875 0.2640625 0.01796875 0.06171875
2 0.31953125 0.234375 0.01484375 0.05
2 0.24140625 0.2640625 0.0125 0.05625
2 0.2265625 0.25703125 0.01328125 0.0640625
2 0.20703125 0.27265625 0.01640625 0.065625
2 0.1890625 0.26171875 0.01328125 0.059375
1 0.1328125 0.303125 0.10859375 0.096875
2 0.17890625 0.23671875 0.0125 0.0453125
1 0.7796875 0.33671875 0.14765625 0.0984375
1 0.9125 0.3015625 0.0625 0.05546875
1 0.70234375 0.225 0.0640625 0.04453125
1 0.61484375 0.196875 0.0421875 0.05390625
1 0.4859375 0.178125 0.02265625 0.04296875
1 0.4921875 0.1375 0.0140625 0.028125
2 0.215625 0.2453125 0.00859375 0.04296875
2 0.2421875 0.22890625 0.0109375 0.03359375
2 0.2703125 0.240625 0.01171875 0.04140625
2 0.253125 0.22734375 0.009375 0.034375
2 0.26328125 0.21328125 0.0078125 0.03203125
2 0.27890625 0.2 0.0078125 0.03046875
2 0.2890625 0.2046875 0.01171875 0.03203125
1 0.32578125 0.19453125 0.0375 0.053125
1 0.359375 0.16015625 0.02578125 0.04296875
1 0.29453125 0.17734375 0.0265625 0.03203125