2 0.13125 0.85390625 0.08984375 0.2109375
2 0.83125 0.4265625 0.04765625 0.1109375
2 0.17890625 0.5921875 0.0546875 0.140625
2 0.35546875 0.49765625 0.034375 0.115625
2 0.12421875 0.484375 0.0578125 0.11640625
2 0.06015625 0.403125 0.0484375 0.090625
2 0.0671875 0.36484375 0.05546875 0.0734375
2 0.09921875 0.33125 0.0453125 0.06796875
2 0.15625 0.32109375 0.0421875 0.075
2 0.20078125 0.30078125 0.0234375 0.06796875
2 0.1625 0.23515625 0.025 0.05390625
3 0.52890625 0.64375 0.3578125 0.7125
2 0.40625 0.315625 0.0140625 0.084375
2 0.4265625 0.253125 0.0140625 0.06328125
2 0.5734375 0.2890625 0.01328125 0.05859375
2 0.56875 0.24296875 0.0125 0.04296875
2 0.49453125 0.17265625 0.00859375 0.03515625
2 0.46953125 0.20390625 0.01171875 0.05078125
2 0.446875 0.209375 0.01171875 0.05
1 0.2734375 0.33203125 0.125 0.1359375
1 0.8703125 0.2875 0.115625 0.075
1 0.7015625 0.209375 0.06875 0.05
1 0.615625 0.1765625 0.03671875 0.05
1 0.2625 0.22421875 0.04609375 0.065625
1 0.25546875 0.184375 0.0484375 0.05390625