2 0.0875 0.9484375 0.11875 0.103125
2 0.7609375 0.8703125 0.078125 0.2265625
2 0.828125 0.4328125 0.0453125 0.10703125
2 0.1140625 0.4640625 0.06328125 0.103125
2 0.1265625 0.4140625 0.03515625 0.09453125
2 0.240625 0.21953125 0.025 0.046875
1 0.25625 0.328125 0.11796875 0.128125
2 0.22890625 0.2484375 0.0203125 0.028125
2 0.43515625 0.17890625 0.0109375 0.0390625
1 0.2953125 0.15078125 0.02890625 0.040625
2 0.31171875 0.16171875 0.0109375 0.0375
2 0.3296875 0.1578125 0.01328125 0.04296875
2 0.35859375 0.16640625 0.00859375 0.04375
1 0.1625 0.28984375 0.08046875 0.090625
1 0.0453125 0.35390625 0.090625 0.1484375
1 0.58984375 0.59453125 0.1234375 0.25859375
1 0.87734375 0.2890625 0.125 0.071875
1 0.7046875 0.209375 0.06484375 0.0484375
1 0.61640625 0.178125 0.028125 0.05546875
1 0.29375 0.19296875 0.04453125 0.046875
3 0.3734375 0.4796875 0.07734375 0.2125
3 0.48671875 0.20703125 0.0546875 0.15546875
3 0.51953125 0.1765625 0.015625 0.0609375
3 0.4546875 0.1796875 0.01796875 0.05703125
2 0.4578125 0.13125 0.00546875 0.034375
2 0.46875 0.1203125 0.00859375 0.02890625
0 0.4703125 0.08203125 0.01484375 0.0390625
2 0.35 0.146875 0.01015625 0.03046875