2 0.8234375 0.71640625 0.065625 0.175
2 0.6625 0.6078125 0.059375 0.15625
2 0.56171875 0.8890625 0.0671875 0.221875
2 0.39609375 0.6140625 0.04375 0.171875
2 0.5734375 0.33515625 0.059375 0.084375
2 0.715625 0.33125 0.053125 0.08125
2 0.378125 0.36796875 0.05625 0.0890625
2 0.81171875 0.56484375 0.0625 0.125
2 0.95625 0.365625 0.06875 0.08125
2 0.85703125 0.3484375 0.0453125 0.078125
2 0.865625 0.28984375 0.046875 0.0703125
2 0.78671875 0.278125 0.053125 0.0703125
2 0.93671875 0.45625 0.0796875 0.096875
2 0.965625 0.51484375 0.06875 0.103125
2 0.9046875 0.33828125 0.040625 0.0875
2 0.90078125 0.26640625 0.0296875 0.05625
2 0.946875 0.27578125 0.0375 0.0609375
2 0.93984375 0.25078125 0.0296875 0.0453125
2 0.98359375 0.23671875 0.0328125 0.053125
2 0.64375 0.2421875 0.03125 0.059375
2 0.58984375 0.23671875 0.021875 0.059375
2 0.434375 0.2078125 0.028125 0.053125
2 0.20078125 0.2640625 0.03125 0.065625
2 0.2359375 0.2875 0.046875 0.075
1 0.1765625 0.33125 0.040625 0.075
1 0.30078125 0.1984375 0.06875 0.046875
1 0.4046875 0.275 0.109375 0.08125
1 0.38671875 0.1671875 0.0390625 0.053125
1 0.69921875 0.16875 0.0390625 0.0625
1 0.66796875 0.15234375 0.0234375 0.0375
1 0.7109375 0.14453125 0.028125 0.0390625
2 0.6546875 0.1171875 0.00625 0.028125
1 0.634375 0.11640625 0.025 0.0359375