2 0.1828125 0.57734375 0.0625 0.0921875
2 0.31875 0.375 0.071875 0.15625
2 0.7078125 0.2703125 0.0625 0.184375
2 0.77890625 0.075 0.1265625 0.15
2 0.540625 0.6671875 0.025 0.084375
2 0.5 0.7046875 0.021875 0.075
2 0.56875 0.7109375 0.01875 0.078125
2 0.51328125 0.7609375 0.0171875 0.065625
2 0.48359375 0.80625 0.0125 0.0515625
2 0.26015625 0.77109375 0.0171875 0.065625
2 0.1921875 0.8015625 0.015625 0.05
2 0.2203125 0.81015625 0.0125 0.040625
2 0.2375 0.80859375 0.015625 0.0453125
2 0.28203125 0.81015625 0.015625 0.0546875
1 0.8875 0.73046875 0.115625 0.075
1 0.6984375 0.81328125 0.06875 0.0546875
1 0.6140625 0.8421875 0.040625 0.05625
2 0.265625 0.82890625 0.009375 0.0328125
1 0.2875 0.865625 0.028125 0.040625
1 0.3046875 0.840625 0.0375 0.05625
1 0.3265625 0.859375 0.021875 0.046875
1 0.34609375 0.871875 0.0203125 0.0390625
1 0.3296875 0.8859375 0.0234375 0.034375
1 0.3625 0.890625 0.021875 0.034375
2 0.459375 0.890625 0.009375 0.034375
2 0.48203125 0.88671875 0.009375 0.0265625
2 0.4953125 0.88828125 0.00625 0.0234375
1 0.4859375 0.90546875 0.015625 0.028125
1 0.484375 0.925 0.0125 0.025
2 0.4953125 0.91328125 0.00625 0.0203125
2 0.50625 0.90703125 0.00625 0.025
2 0.5140625 0.9109375 0.0046875 0.021875