2 0.9296875 0.26171875 0.140625 0.075
2 0.31484375 0.1515625 0.0625 0.0484375
2 0.40078125 0.115625 0.1046875 0.05
2 0.40546875 0.19921875 0.09375 0.0359375
2 0.315625 0.30390625 0.0625 0.0484375
2 0.2640625 0.31953125 0.053125 0.0359375
2 0.45078125 0.4203125 0.103125 0.028125
2 0.56171875 0.41328125 0.1390625 0.0390625
2 0.28125 0.53671875 0.0625 0.0375
2 0.28515625 0.6390625 0.0609375 0.021875
2 0.23984375 0.66015625 0.053125 0.0109375
2 0.240625 0.7671875 0.05625 0.01875
2 0.225 0.7296875 0.05 0.015625
2 0.22265625 0.45390625 0.046875 0.0140625
2 0.21640625 0.490625 0.04375 0.0078125
1 0.7453125 0.60390625 0.346875 0.1546875
1 0.45 0.67421875 0.165625 0.103125
1 0.33828125 0.9296875 0.1078125 0.125
1 0.296875 0.0890625 0.05625 0.059375
1 0.23203125 0.29609375 0.0546875 0.059375
1 0.196875 0.390625 0.065625 0.046875
2 0.184375 0.496875 0.0390625 0.0125
2 0.17109375 0.4734375 0.0328125 0.009375
2 0.15234375 0.5359375 0.034375 0.009375
2 0.153125 0.484375 0.03125 0.00625
1 0.14140625 0.5140625 0.025 0.0125
0 0.11875 0.490625 0.046875 0.01875
3 0.1609375 0.653125 0.065625 0.03125