2 0.6109375 0.11875 0.08125 0.05625
2 0.25703125 0.7828125 0.190625 0.0625
2 0.46015625 0.8921875 0.1234375 0.065625
2 0.5640625 0.78203125 0.096875 0.078125
2 0.6703125 0.87734375 0.0875 0.0515625
1 0.63046875 0.78046875 0.0921875 0.1609375
2 0.6984375 0.79296875 0.040625 0.040625
2 0.70234375 0.0890625 0.065625 0.046875
2 0.75234375 0.4671875 0.0453125 0.0125
1 0.7359375 0.671875 0.040625 0.096875
2 0.7734375 0.65390625 0.04375 0.0140625
2 0.7765625 0.675 0.040625 0.0125
2 0.78984375 0.6953125 0.04375 0.0109375
2 0.790625 0.71796875 0.04375 0.0109375
2 0.78984375 0.7390625 0.0359375 0.009375
2 0.7875 0.75546875 0.046875 0.0109375
1 0.6921875 0.68125 0.071875 0.1125
1 0.7078125 0.275 0.08125 0.10625
1 0.775 0.3 0.053125 0.075
1 0.8078125 0.3859375 0.0484375 0.03125
1 0.7890625 0.47578125 0.04375 0.0390625