2 0.8203125 0.24375 0.059375 0.1875
2 0.7125 0.428125 0.05625 0.140625
2 0.54140625 0.0609375 0.0640625 0.121875
2 0.6265625 0.6203125 0.028125 0.103125
2 0.5515625 0.6046875 0.025 0.103125
2 0.58515625 0.628125 0.025 0.084375
2 0.58828125 0.71015625 0.021875 0.0625
2 0.5328125 0.64765625 0.015625 0.0796875
2 0.5203125 0.69140625 0.015625 0.071875
2 0.5640625 0.7453125 0.015625 0.05625
2 0.4109375 0.6296875 0.021875 0.103125
2 0.271875 0.6875 0.046875 0.065625
2 0.203125 0.72265625 0.040625 0.0625
2 0.1140625 0.621875 0.059375 0.0890625
2 0.75390625 0.7703125 0.015625 0.05625
2 0.72265625 0.78359375 0.0140625 0.0484375
2 0.765625 0.78125 0.009375 0.046875
2 0.54765625 0.76875 0.0140625 0.05625
2 0.57734375 0.80234375 0.009375 0.0453125
2 0.44609375 0.75859375 0.015625 0.059375
3 0.8828125 0.52734375 0.234375 0.215625
3 0.50546875 0.7828125 0.0421875 0.096875
1 0.46875 0.46875 0.09375 0.221875
1 0.1265625 0.70625 0.121875 0.075
1 0.29921875 0.784375 0.0703125 0.05
1 0.38671875 0.81328125 0.040625 0.0625
1 0.47890625 0.81171875 0.0203125 0.0484375
1 0.70546875 0.834375 0.0296875 0.046875
2 0.69765625 0.82421875 0.0125 0.0328125
2 0.6640625 0.8375 0.0078125 0.03125
2 0.6546875 0.828125 0.009375 0.034375
2 0.66015625 0.85625 0.00625 0.025
2 0.634375 0.8484375 0.00625 0.03125
2 0.4953125 0.853125 0.0078125 0.0234375
2 0.48125 0.85546875 0.0078125 0.025
2 0.5375 0.8828125 0.0046875 0.01875
1 0.5125 0.88203125 0.015625 0.028125
1 0.49140625 0.87578125 0.0125 0.0296875
3 0.5265625 0.89921875 0.009375 0.0296875
3 0.5109375 0.9109375 0.0125 0.03125
3 0.49609375 0.9 0.0078125 0.025