2 0.6125 0.53671875 0.03125 0.1203125
2 0.4390625 0.5296875 0.0328125 0.128125
2 0.23359375 0.46328125 0.0515625 0.1328125
2 0.17578125 0.49765625 0.0390625 0.115625
2 0.2484375 0.596875 0.040625 0.090625
2 0.4640625 0.69375 0.025 0.0765625
2 0.1921875 0.71953125 0.021875 0.071875
2 0.21796875 0.715625 0.025 0.075
2 0.1515625 0.70703125 0.025 0.078125
2 0.1125 0.69453125 0.03125 0.071875
2 0.728125 0.69296875 0.046875 0.0640625
2 0.7984375 0.7234375 0.0421875 0.05625
2 0.8859375 0.6171875 0.059375 0.084375
1 0.515625 0.70390625 0.05625 0.0953125
2 0.54140625 0.78828125 0.0109375 0.0484375
2 0.42109375 0.76171875 0.0109375 0.0546875
2 0.440625 0.75546875 0.0125 0.0546875
2 0.46953125 0.7515625 0.0109375 0.053125
2 0.45625 0.7734375 0.0125 0.046875
2 0.44765625 0.790625 0.0078125 0.025
2 0.47421875 0.78984375 0.0109375 0.0453125
2 0.290625 0.78125 0.015625 0.040625
2 0.2703125 0.78984375 0.015625 0.0484375
2 0.17890625 0.77265625 0.0296875 0.0515625
2 0.4546875 0.8125 0.00625 0.021875
2 0.4625 0.82265625 0.00625 0.0296875
3 0.4953125 0.828125 0.028125 0.0625
1 0.7 0.7796875 0.075 0.059375
1 0.8765625 0.7015625 0.125 0.071875
1 0.6140625 0.81328125 0.0375 0.0625
2 0.3140625 0.79765625 0.009375 0.0265625
2 0.4390625 0.83125 0.00625 0.025
2 0.53125 0.821875 0.00625 0.028125
1 0.29453125 0.83515625 0.03125 0.0421875
2 0.3015625 0.81796875 0.009375 0.028125
2 0.321875 0.82109375 0.009375 0.0328125
2 0.334375 0.834375 0.009375 0.028125
2 0.3515625 0.846875 0.00625 0.021875
2 0.36640625 0.865625 0.00625 0.021875
1 0.48828125 0.89140625 0.0109375 0.021875
1 0.5078125 0.8875 0.009375 0.025
2 0.5140625 0.87578125 0.00625 0.021875