2 0.6265625 0.3890625 0.028125 0.09453125
2 0.62578125 0.48125 0.02734375 0.11640625
2 0.5046875 0.29375 0.01484375 0.0703125
2 0.46484375 0.2953125 0.015625 0.075
2 0.45078125 0.346875 0.02265625 0.07734375
2 0.39609375 0.4265625 0.028125 0.109375
2 0.3515625 0.5453125 0.03828125 0.13828125
2 0.1484375 0.35234375 0.034375 0.0796875
2 0.13125 0.403125 0.0265625 0.0828125
2 0.16015625 0.45234375 0.0421875 0.1015625
2 0.18984375 0.33828125 0.03515625 0.08125
2 0.2125 0.3171875 0.02578125 0.07890625
2 0.2375 0.28984375 0.0234375 0.071875
2 0.39375 0.2234375 0.02265625 0.05390625
2 0.4890625 0.171875 0.0125 0.0375
2 0.26640625 0.184375 0.01171875 0.04140625
2 0.15859375 0.73828125 0.065625 0.1984375
2 0.8828125 0.3765625 0.05703125 0.0953125
0 0.4515625 0.11953125 0.03203125 0.071875
1 0.296875 0.19375 0.04296875 0.04609375
1 0.153125 0.26953125 0.09609375 0.1109375
1 0.484375 0.48046875 0.0734375 0.19140625
1 0.5625 0.35546875 0.05703125 0.14140625
1 0.3125 0.3578125 0.1125 0.15390625
1 0.875 0.2796875 0.125 0.0765625
1 0.703125 0.20390625 0.0734375 0.05
1 0.615625 0.171875 0.04453125 0.0484375
2 0.50390625 0.15625 0.0078125 0.034375
2 0.48125 0.13984375 0.00703125 0.02890625
2 0.49140625 0.1328125 0.00625 0.02890625
2 0.48671875 0.121875 0.00625 0.0234375
2 0.5046875 0.125 0.00703125 0.021875
2 0.51796875 0.1390625 0.0078125 0.03046875
2 0.52109375 0.125 0.0078125 0.03046875
2 0.4828125 0.1046875 0.00703125 0.0234375
2 0.49453125 0.109375 0.0078125 0.025