2 0.58359375 0.053125 0.14375 0.10625
2 0.7453125 0.2171875 0.196875 0.071875
2 0.940625 0.1078125 0.11875 0.1109375
2 0.73125 0.4234375 0.184375 0.059375
2 0.3953125 0.884375 0.096875 0.05625
2 0.20390625 0.275 0.040625 0.00625
2 0.20078125 0.296875 0.0375 0.009375
2 0.20234375 0.33203125 0.034375 0.0125
2 0.2109375 0.34765625 0.046875 0.0140625
2 0.21171875 0.30546875 0.0484375 0.0140625
2 0.2109375 0.28359375 0.040625 0.0125
2 0.21171875 0.259375 0.0453125 0.0109375
1 0.29921875 0.48828125 0.0765625 0.1078125
1 0.28203125 0.7140625 0.0640625 0.103125
1 0.328125 0.1734375 0.096875 0.125
1 0.315625 0.0453125 0.06875 0.090625
1 0.3921875 0.01640625 0.071875 0.0328125
1 0.19296875 0.6140625 0.0578125 0.0375
1 0.22265625 0.7015625 0.0578125 0.065625
1 0.18203125 0.328125 0.0453125 0.03125
1 0.16953125 0.29609375 0.0359375 0.028125
2 0.15625 0.34375 0.028125 0.00625
2 0.14375 0.35 0.025 0.00625
2 0.18046875 0.49453125 0.0359375 0.009375
2 0.165625 0.5140625 0.03125 0.00625
2 0.1265625 0.4953125 0.025 0.00625
2 0.13984375 0.4984375 0.0203125 0.00625
2 0.14453125 0.50625 0.025 0.00625
2 0.1265625 0.5125 0.021875 0.00625
2 0.19765625 0.36875 0.0375 0.009375