2 0.12109375 0.53984375 0.1046875 0.12890625
2 0.275 0.546875 0.07890625 0.146875
2 0.46640625 0.59921875 0.053125 0.165625
2 0.6109375 0.65234375 0.05234375 0.1765625
2 0.61171875 0.4046875 0.0359375 0.109375
2 0.0234375 0.3125 0.04609375 0.08359375
2 0.08515625 0.2765625 0.05 0.06640625
2 0.153125 0.20625 0.03046875 0.0515625
2 0.33671875 0.22109375 0.03359375 0.059375
2 0.37109375 0.2078125 0.02890625 0.05703125
2 0.40625 0.2125 0.02421875 0.0578125
2 0.4265625 0.25703125 0.01796875 0.06953125
2 0.47890625 0.2296875 0.02265625 0.06328125
2 0.50625 0.2046875 0.0140625 0.05390625
2 0.52578125 0.2296875 0.015625 0.0609375
1 0.21484375 0.31875 0.146875 0.10390625
1 0.45234375 0.19375 0.05 0.05390625
1 0.70234375 0.19453125 0.078125 0.05
1 0.6125 0.16015625 0.03828125 0.0515625
1 0.48125 0.1515625 0.03046875 0.04140625
1 0.490625 0.11875 0.01796875 0.02890625
2 0.26328125 0.1828125 0.0109375 0.034375
2 0.27421875 0.16640625 0.0109375 0.03046875
1 0.30078125 0.16171875 0.040625 0.05703125
1 0.3296875 0.1453125 0.0234375 0.03515625
1 0.34453125 0.1328125 0.0265625 0.03203125
2 0.2265625 0.19453125 0.01484375 0.03046875
1 0.2875 0.1375 0.02890625 0.0359375