2 0.4234375 0.6015625 0.04140625 0.1640625
2 0.371875 0.659375 0.04140625 0.165625
2 0.2921875 0.771875 0.07109375 0.17890625
2 0.365625 0.903125 0.06328125 0.19296875
2 0.834375 0.384375 0.06484375 0.07890625
2 0.771875 0.30859375 0.05 0.06953125
2 0.52109375 0.25 0.015625 0.046875
2 0.5578125 0.2578125 0.01953125 0.059375
2 0.5109375 0.21875 0.01171875 0.04296875
2 0.346875 0.215625 0.0140625 0.05546875
2 0.2078125 0.328125 0.03046875 0.08046875
2 0.0859375 0.29453125 0.015625 0.07109375
1 0.140625 0.33125 0.09140625 0.11796875
2 0.09921875 0.30625 0.0171875 0.0609375
2 0.2125 0.26171875 0.0265625 0.0515625
2 0.17890625 0.25703125 0.01953125 0.04375
2 0.446875 0.178125 0.01015625 0.04453125
3 0.528125 0.56328125 0.11640625 0.340625
3 0.290625 0.49375 0.1921875 0.2375
1 0.65234375 0.571875 0.1109375 0.2015625
1 0.8828125 0.2953125 0.13203125 0.06796875
1 0.703125 0.21640625 0.075 0.04453125
1 0.6140625 0.190625 0.0390625 0.05
1 0.525 0.190625 0.03359375 0.04609375
1 0.4921875 0.165625 0.02421875 0.046875
1 0.29375 0.16484375 0.03203125 0.04296875
2 0.3 0.18359375 0.0125 0.03359375
2 0.3546875 0.1546875 0.00703125 0.0265625
3 0.4625 0.13984375 0.01328125 0.0375
3 0.4671875 0.11328125 0.00859375 0.0234375
3 0.4859375 0.11015625 0.02109375 0.05703125
3 0.5109375 0.12109375 0.01015625 0.03359375
2 0.528125 0.15703125 0.00859375 0.028125