2 0.6296875 0.9546875 0.08125 0.0609375
2 0.75703125 0.85078125 0.0609375 0.0328125
2 0.61640625 0.11640625 0.0859375 0.0578125
2 0.73046875 0.26796875 0.0546875 0.01875
2 0.7171875 0.2859375 0.05625 0.028125
2 0.6921875 0.3046875 0.065625 0.046875
2 0.765625 0.490625 0.053125 0.01875
2 0.7921875 0.7203125 0.046875 0.0125
2 0.8 0.7015625 0.04375 0.009375
2 0.8 0.6875 0.04375 0.0125
2 0.80625 0.65625 0.04375 0.01875
2 0.7890625 0.5734375 0.04375 0.015625
1 0.70078125 0.15 0.0734375 0.11875
1 0.7828125 0.2984375 0.046875 0.071875
1 0.8109375 0.3828125 0.053125 0.0375
2 0.83203125 0.6734375 0.028125 0.009375
1 0.8390625 0.64921875 0.040625 0.0296875
1 0.83125 0.703125 0.040625 0.03125
2 0.821875 0.54296875 0.0375 0.009375
2 0.85234375 0.48046875 0.028125 0.0078125
2 0.859375 0.5359375 0.0265625 0.00625
2 0.87421875 0.515625 0.0203125 0.00625
2 0.87421875 0.5 0.0234375 0.009375
2 0.88203125 0.49375 0.0171875 0.00625
2 0.89140625 0.4890625 0.0140625 0.003125
2 0.73359375 0.17421875 0.0328125 0.0328125