2 0.8828125 0.3875 0.05859375 0.08515625
2 0.53359375 0.3546875 0.053125 0.08125
2 0.63203125 0.27890625 0.03984375 0.059375
2 0.5609375 0.2734375 0.034375 0.065625
2 0.496875 0.2734375 0.0390625 0.053125
2 0.46015625 0.29296875 0.04296875 0.06640625
2 0.27734375 0.3703125 0.0578125 0.08203125
2 0.21796875 0.35390625 0.05390625 0.07734375
2 0.12265625 0.50703125 0.05703125 0.10703125
2 0.16171875 0.31875 0.04765625 0.065625
2 0.20625 0.2796875 0.04609375 0.05546875
2 0.13046875 0.30390625 0.03125 0.06484375
2 0.09296875 0.38359375 0.0578125 0.07265625
2 0.040625 0.3171875 0.059375 0.065625
2 0.2703125 0.19609375 0.01015625 0.04140625
2 0.3046875 0.21015625 0.0125 0.04296875
2 0.28359375 0.20546875 0.01328125 0.0484375
1 0.740625 0.29765625 0.12265625 0.07890625
1 0.703125 0.22265625 0.06796875 0.0484375
1 0.6171875 0.190625 0.0375 0.05546875
1 0.33125 0.17578125 0.0359375 0.0484375
2 0.4734375 0.15234375 0.0078125 0.03203125
2 0.496875 0.14453125 0.00625 0.0359375
2 0.33984375 0.20078125 0.0125 0.0375
2 0.36015625 0.1921875 0.0109375 0.040625
1 0.296875 0.16875 0.02734375 0.040625
2 0.35 0.14453125 0.00703125 0.025
2 0.3609375 0.13515625 0.00703125 0.0265625