2 0.49375 0.60703125 0.13125 0.0375
2 0.46171875 0.665625 0.134375 0.046875
2 0.5484375 0.71171875 0.096875 0.0375
2 0.62109375 0.884375 0.0859375 0.053125
2 0.703125 0.8515625 0.075 0.05
2 0.728125 0.7796875 0.065625 0.04375
2 0.71875 0.66875 0.06875 0.0375
2 0.7046875 0.68203125 0.065625 0.04375
2 0.73125 0.48046875 0.06875 0.021875
2 0.6390625 0.42421875 0.09375 0.025
2 0.69609375 0.37265625 0.071875 0.0375
2 0.7265625 0.3765625 0.065625 0.021875
1 0.59375 0.0578125 0.128125 0.115625
2 0.678125 0.0796875 0.05625 0.040625
2 0.66953125 0.028125 0.0796875 0.040625
2 0.79140625 0.55 0.0421875 0.015625
2 0.81796875 0.2875 0.046875 0.015625
1 0.5875 0.50390625 0.1375 0.0734375
1 0.615625 0.28125 0.121875 0.140625
1 0.6703125 0.20546875 0.090625 0.0859375
3 0.12578125 0.571875 0.2515625 0.259375
3 0.796875 0.4859375 0.071875 0.028125
1 0.8171875 0.6171875 0.053125 0.034375
1 0.78984375 0.70234375 0.0421875 0.071875
1 0.715625 0.90625 0.078125 0.05625
2 0.84765625 0.32890625 0.0375 0.009375
2 0.86640625 0.51015625 0.028125 0.00625
2 0.853125 0.515625 0.025 0.00625
2 0.88515625 0.496875 0.0234375 0.00625
2 0.88125 0.51953125 0.028125 0.0078125