2 0.8234375 0.378125 0.0625 0.1375
2 0.6390625 0.64453125 0.059375 0.075
2 0.11640625 0.61171875 0.0578125 0.0828125
2 0.29296875 0.721875 0.0390625 0.05
2 0.371875 0.7296875 0.0375 0.0625
2 0.43125 0.71953125 0.03125 0.05625
2 0.45078125 0.69921875 0.0375 0.0671875
2 0.69453125 0.79453125 0.0140625 0.0421875
2 0.71875 0.79375 0.0125 0.04375
2 0.86875 0.6203125 0.05 0.078125
2 0.91484375 0.63828125 0.0375 0.071875
2 0.9359375 0.67265625 0.0375 0.0765625
2 0.91484375 0.70234375 0.046875 0.05625
2 0.990625 0.6546875 0.01875 0.053125
1 0.20625 0.6984375 0.11875 0.075
1 0.29765625 0.78046875 0.06875 0.046875
1 0.384375 0.809375 0.0375 0.059375
1 0.6671875 0.82578125 0.034375 0.053125
2 0.5359375 0.83203125 0.009375 0.025
2 0.5 0.834375 0.009375 0.0375
2 0.6609375 0.79921875 0.015625 0.0375
2 0.6375 0.81875 0.009375 0.0375
1 0.70390625 0.83046875 0.03125 0.040625