2 0.696875 0.0875 0.090625 0.05
2 0.08359375 0.37265625 0.1671875 0.0796875
2 0.48046875 0.2828125 0.1265625 0.065625
2 0.753125 0.47578125 0.071875 0.0171875
2 0.62421875 0.50078125 0.09375 0.028125
2 0.6953125 0.51953125 0.078125 0.0234375
2 0.5890625 0.5609375 0.1125 0.028125
2 0.63671875 0.59765625 0.0984375 0.0265625
2 0.07109375 0.790625 0.1421875 0.1
2 0.6640625 0.790625 0.078125 0.053125
2 0.8125 0.20234375 0.05 0.0140625
2 0.81875 0.225 0.05 0.0109375
2 0.82109375 0.2421875 0.0421875 0.0125
2 0.821875 0.2546875 0.046875 0.015625
2 0.80703125 0.30703125 0.053125 0.015625
1 0.72890625 0.8734375 0.0828125 0.059375
1 0.70390625 0.9171875 0.0953125 0.0625
1 0.81328125 0.69921875 0.0515625 0.0765625
1 0.840625 0.6125 0.053125 0.04375
2 0.83203125 0.271875 0.0390625 0.0125
1 0.83828125 0.303125 0.0546875 0.0375
1 0.8640625 0.2890625 0.040625 0.028125
1 0.85625 0.3296875 0.040625 0.021875
1 0.871875 0.346875 0.03125 0.01875
1 0.88828125 0.3359375 0.034375 0.03125
1 0.8859375 0.3625 0.03125 0.01875
2 0.87890625 0.4515625 0.0296875 0.009375
2 0.87265625 0.4625 0.03125 0.0078125
1 0.89609375 0.48359375 0.0390625 0.0171875
2 0.878125 0.490625 0.028125 0.00625
2 0.89296875 0.5109375 0.025 0.009375
2 0.90234375 0.5171875 0.0234375 0.00625
1 0.921875 0.48359375 0.025 0.0140625