2 0.14609375 0.86875 0.2109375 0.090625
2 0.5734375 0.16875 0.1109375 0.046875
2 0.4078125 0.82109375 0.140625 0.0546875
2 0.50234375 0.64453125 0.115625 0.034375
2 0.515625 0.87578125 0.115625 0.0578125
2 0.596875 0.93984375 0.090625 0.0484375
2 0.63515625 0.9328125 0.0734375 0.05625
2 0.66875 0.90078125 0.06875 0.0453125
2 0.67890625 0.84375 0.075 0.04375
2 0.69921875 0.79921875 0.0671875 0.0234375
2 0.76484375 0.8375 0.0546875 0.025
3 0.35625 0.47109375 0.7125 0.3578125
2 0.684375 0.59375 0.084375 0.0125
2 0.746875 0.5734375 0.0625 0.0140625
2 0.7109375 0.4265625 0.059375 0.0125
2 0.75703125 0.43125 0.0421875 0.0125
2 0.82734375 0.50546875 0.0359375 0.0078125
2 0.79609375 0.53046875 0.0515625 0.0109375
2 0.790625 0.553125 0.05 0.0125
1 0.66796875 0.7265625 0.1359375 0.125
1 0.7125 0.1296875 0.075 0.115625
1 0.790625 0.2984375 0.05 0.06875
1 0.8234375 0.384375 0.05 0.0375
1 0.77578125 0.7375 0.065625 0.046875
1 0.815625 0.74453125 0.053125 0.0484375