2 0.325 0.31328125 0.046875 0.1625
2 0.33203125 0.4703125 0.0390625 0.13125
2 0.5328125 0.63046875 0.01875 0.1
2 0.47734375 0.54609375 0.0328125 0.1140625
2 0.55703125 0.5109375 0.0359375 0.1140625
2 0.6234375 0.4515625 0.040625 0.14375
2 0.721875 0.234375 0.0640625 0.215625
2 0.8140625 0.49140625 0.0375 0.1046875
2 0.8359375 0.63046875 0.028125 0.0890625
2 0.83828125 0.56875 0.034375 0.078125
2 0.79609375 0.64296875 0.034375 0.0953125
2 0.7765625 0.66875 0.028125 0.075
2 0.76328125 0.69765625 0.0234375 0.0734375
1 0.659375 0.61171875 0.121875 0.1703125
2 0.67890625 0.72265625 0.0171875 0.0546875
1 0.90703125 0.63671875 0.1015625 0.115625
1 0.50859375 0.3375 0.0984375 0.2859375
1 0.4171875 0.565625 0.071875 0.19375
1 0.1203125 0.71640625 0.121875 0.075
1 0.296875 0.7921875 0.06875 0.046875
1 0.3859375 0.82734375 0.04375 0.0578125
2 0.70859375 0.828125 0.015625 0.0375
1 0.6890625 0.82109375 0.040625 0.0453125
1 0.7828125 0.77109375 0.071875 0.078125
0 0.55234375 0.8671875 0.034375 0.09375
1 0.7078125 0.8484375 0.028125 0.040625
1 0.67734375 0.85546875 0.0328125 0.0390625
1 0.6359375 0.8671875 0.01875 0.034375
2 0.503125 0.7984375 0.0125 0.04375
2 0.52109375 0.83515625 0.0078125 0.034375
2 0.515625 0.8546875 0.00625 0.03125
2 0.5078125 0.853125 0.009375 0.03125
2 0.4921875 0.8203125 0.009375 0.034375
2 0.4921875 0.85078125 0.00625 0.0328125
2 0.4796875 0.8484375 0.009375 0.03125
2 0.471875 0.85390625 0.00625 0.0296875
2 0.515625 0.88046875 0.00625 0.025
2 0.50234375 0.878125 0.00625 0.028125
2 0.49375 0.890625 0.00625 0.021875