2 0.4578125 0.771875 0.0546875 0.1984375
2 0.61015625 0.646875 0.05 0.159375
2 0.69375 0.62265625 0.05625 0.1625
2 0.40390625 0.31015625 0.025 0.0828125
2 0.4640625 0.27578125 0.028125 0.084375
2 0.4984375 0.2453125 0.01875 0.065625
2 0.51875 0.28359375 0.01875 0.06875
2 0.2015625 0.2765625 0.05 0.059375
2 0.26171875 0.234375 0.0390625 0.0625
2 0.315625 0.221875 0.0375 0.053125
2 0.359375 0.2328125 0.0375 0.065625
2 0.2171875 0.5203125 0.06875 0.103125
2 0.22578125 0.63984375 0.1046875 0.171875
1 0.10703125 0.328125 0.15625 0.10625
1 0.41953125 0.21015625 0.06875 0.065625
1 0.47734375 0.175 0.0328125 0.053125
1 0.49609375 0.13828125 0.021875 0.034375
1 0.6140625 0.1609375 0.0375 0.053125
1 0.7015625 0.19453125 0.06875 0.0515625
2 0.26484375 0.18203125 0.0109375 0.0296875
2 0.275 0.17109375 0.0125 0.028125
1 0.30078125 0.16328125 0.0390625 0.0578125
1 0.32734375 0.1484375 0.0265625 0.0375
1 0.3453125 0.1328125 0.025 0.03125
2 0.21015625 0.19140625 0.01875 0.03125
2 0.225 0.19453125 0.015625 0.028125
1 0.2890625 0.13828125 0.025 0.0375