2 0.46171875 0.57109375 0.134375 0.0390625
2 0.6046875 0.4984375 0.096875 0.021875
2 0.64765625 0.5515625 0.0828125 0.021875
2 0.5765625 0.0328125 0.10625 0.05625
2 0.60546875 0.8828125 0.0859375 0.05
2 0.67265625 0.796875 0.0671875 0.05625
2 0.6828125 0.8484375 0.06875 0.04375
2 0.73359375 0.53515625 0.0578125 0.015625
2 0.7671875 0.4734375 0.0390625 0.0109375
2 0.7265625 0.38046875 0.059375 0.0296875
2 0.75859375 0.33359375 0.0484375 0.0109375
2 0.75625 0.20546875 0.05 0.0265625
2 0.77265625 0.265625 0.0453125 0.015625
1 0.5390625 0.25234375 0.159375 0.1265625
1 0.76875 0.703125 0.0375 0.06875
1 0.69921875 0.903125 0.0828125 0.059375
1 0.80078125 0.61640625 0.0546875 0.0265625
1 0.803125 0.478125 0.04375 0.025
2 0.8140625 0.503125 0.03125 0.00625
2 0.821875 0.4984375 0.040625 0.00625
2 0.8 0.5125 0.0375 0.009375
0 0.84140625 0.525 0.0828125 0.03125
2 0.78359375 0.5078125 0.0359375 0.0078125
2 0.83125 0.3328125 0.034375 0.009375
2 0.8515625 0.4625 0.03125 0.00625
2 0.85625 0.46953125 0.025 0.00625
1 0.853125 0.48671875 0.03125 0.0140625