2 0.43828125 0.89296875 0.06328125 0.2140625
2 0.33359375 0.88125 0.08359375 0.221875
2 0.7796875 0.7890625 0.11171875 0.2328125
2 0.609375 0.6578125 0.05 0.18203125
2 0.4328125 0.35859375 0.0546875 0.096875
2 0.59609375 0.3109375 0.046875 0.06953125
2 0.659375 0.3 0.04609375 0.06953125
2 0.08203125 0.39453125 0.05703125 0.09140625
1 0.23125 0.303125 0.12109375 0.084375
2 0.246875 0.2484375 0.034375 0.0484375
2 0.29296875 0.2125 0.0140625 0.05234375
2 0.26484375 0.17890625 0.0140625 0.0421875
2 0.4828125 0.1640625 0.01328125 0.040625
2 0.46015625 0.11796875 0.00859375 0.021875
2 0.48515625 0.14375 0.00859375 0.02578125
2 0.75703125 0.28671875 0.04609375 0.06484375
2 0.7484375 0.34453125 0.05078125 0.08046875
2 0.90078125 0.31796875 0.0453125 0.07109375
1 0.1171875 0.2734375 0.11484375 0.08359375
1 0.715625 0.25625 0.07890625 0.059375
1 0.70078125 0.2 0.065625 0.053125
1 0.61328125 0.16953125 0.0328125 0.053125
2 0.48359375 0.12265625 0.009375 0.0234375
1 0.30234375 0.16875 0.0390625 0.0515625
1 0.3265625 0.15078125 0.0265625 0.034375
1 0.346875 0.13671875 0.01953125 0.03203125
1 0.2890625 0.1453125 0.0296875 0.0375
2 0.4796875 0.1078125 0.00625 0.01796875