2 0.8203125 0.6296875 0.0625 0.178125
1 0.5578125 0.778125 0.178125 0.4375
2 0.634375 0.57421875 0.040625 0.1296875
2 0.73828125 0.8984375 0.06875 0.203125
2 0.821875 0.8765625 0.0875 0.215625
2 0.38359375 0.87265625 0.0765625 0.2265625
2 0.41640625 0.584375 0.0390625 0.15
2 0.2109375 0.37265625 0.05 0.0921875
2 0.38984375 0.3578125 0.0265625 0.1
2 0.4140625 0.43359375 0.028125 0.1171875
2 0.45703125 0.39375 0.025 0.1
2 0.42890625 0.328125 0.0234375 0.0875
2 0.475 0.46328125 0.028125 0.128125
2 0.4734375 0.31171875 0.021875 0.0734375
2 0.51171875 0.27578125 0.0140625 0.0625
2 0.5 0.2546875 0.0125 0.0625
2 0.4890625 0.21640625 0.0125 0.0515625
2 0.46484375 0.23671875 0.0140625 0.0640625
2 0.51796875 0.21875 0.0125 0.053125
2 0.53203125 0.1828125 0.0078125 0.04375
2 0.5140625 0.17578125 0.009375 0.0390625
2 0.4578125 0.18671875 0.0125 0.0421875
2 0.5015625 0.14921875 0.0078125 0.034375
2 0.4734375 0.16015625 0.009375 0.0359375
2 0.49921875 0.1734375 0.0078125 0.040625
0 0.6359375 0.3359375 0.153125 0.321875
2 0.640625 0.1640625 0.0125 0.040625
2 0.90546875 0.26484375 0.03125 0.0640625
2 0.88984375 0.29609375 0.025 0.075
1 0.296875 0.20859375 0.065625 0.053125
1 0.12109375 0.284375 0.1203125 0.06875
1 0.8375 0.29375 0.09375 0.11875
1 0.74375 0.21875 0.05 0.0625
1 0.6890625 0.17421875 0.034375 0.0375
1 0.3828125 0.17265625 0.034375 0.0546875
1 0.70625 0.153125 0.028125 0.04375
1 0.6734375 0.146875 0.021875 0.0390625
1 0.6546875 0.12578125 0.015625 0.040625
1 0.6421875 0.14140625 0.01875 0.0390625
2 0.54375 0.14921875 0.00625 0.03125
2 0.521875 0.134375 0.00625 0.028125
2 0.50859375 0.1296875 0.00625 0.028125
2 0.490625 0.13125 0.00625 0.03125
2 0.503125 0.1125 0.00625 0.021875
2 0.4890625 0.11328125 0.00625 0.0234375