2 0.34375 0.81953125 0.0625 0.21875
2 0.7265625 0.3125 0.05 0.065625
2 0.88203125 0.38359375 0.05625 0.0828125
2 0.7734375 0.26484375 0.03125 0.0609375
2 0.796875 0.28046875 0.0390625 0.059375
2 0.4671875 0.26171875 0.01875 0.0609375
2 0.54765625 0.22109375 0.015625 0.05
2 0.16875 0.45234375 0.040625 0.10625
2 0.17890625 0.2921875 0.0484375 0.0625
2 0.1390625 0.321875 0.0359375 0.071875
2 0.08515625 0.35703125 0.0453125 0.08125
2 0.0890625 0.32265625 0.028125 0.0578125
2 0.02265625 0.37109375 0.040625 0.078125
2 0.0671875 0.27578125 0.0421875 0.0578125
2 0.0078125 0.27890625 0.015625 0.040625
2 0.290625 0.1953125 0.0125 0.0421875
1 0.70078125 0.22109375 0.065625 0.0390625
1 0.8734375 0.30078125 0.121875 0.0734375
1 0.6171875 0.190625 0.034375 0.059375
1 0.2953125 0.17265625 0.028125 0.040625
2 0.3109375 0.17734375 0.009375 0.028125
2 0.31875 0.184375 0.00625 0.034375
2 0.33515625 0.175 0.0078125 0.028125
2 0.346875 0.153125 0.00625 0.025
2 0.365625 0.17578125 0.009375 0.0296875
2 0.484375 0.175 0.009375 0.025
2 0.47890625 0.159375 0.00625 0.028125
2 0.4671875 0.1296875 0.00625 0.021875
2 0.48359375 0.13046875 0.0046875 0.021875
2 0.5046875 0.1625 0.015625 0.034375
2 0.509375 0.140625 0.00625 0.025
1 0.5015625 0.12109375 0.0125 0.021875
2 0.515625 0.13203125 0.00625 0.0203125