2 0.41015625 0.875 0.0734375 0.0375
2 0.4859375 0.8578125 0.109375 0.046875
2 0.428125 0.1734375 0.109375 0.0453125
2 0.209375 0.57578125 0.04375 0.0109375
2 0.21875 0.73046875 0.053125 0.021875
3 0.80703125 0.7546875 0.3859375 0.215625
3 0.24609375 0.51796875 0.225 0.0640625
1 0.28515625 0.121875 0.090625 0.121875
1 0.20390625 0.3 0.05 0.071875
1 0.17734375 0.384375 0.0515625 0.028125
1 0.83984375 0.33828125 0.3203125 0.2109375
1 0.3296875 0.7421875 0.134375 0.128125
1 0.25859375 0.7875 0.071875 0.06875
1 0.29140625 0.890625 0.1328125 0.10625
1 0.178125 0.690625 0.05 0.04375