2 0.61953125 0.3328125 0.146875 0.046875
2 0.5703125 0.4328125 0.121875 0.04375
2 0.540625 0.1234375 0.115625 0.0625
2 0.45390625 0.02421875 0.0953125 0.0484375
2 0.403125 0.8828125 0.0875 0.059375
2 0.33984375 0.834375 0.0734375 0.05
2 0.325 0.86328125 0.071875 0.0203125
2 0.30390625 0.77890625 0.0671875 0.0328125
2 0.2828125 0.7578125 0.059375 0.040625
2 0.32421875 0.678125 0.065625 0.05
2 0.2359375 0.5609375 0.046875 0.015625
2 0.21328125 0.5265625 0.04375 0.009375
2 0.32578125 0.37421875 0.0671875 0.0328125
2 0.30234375 0.37890625 0.0671875 0.0265625
1 0.275 0.23828125 0.0625 0.059375
2 0.2484375 0.21640625 0.05625 0.0125
2 0.21875 0.30234375 0.0515625 0.0109375
1 0.459375 0.3625 0.146875 0.121875
1 0.38203125 0.246875 0.096875 0.090625
1 0.328125 0.053125 0.084375 0.10625
1 0.2375 0.7015625 0.04375 0.06875
1 0.209375 0.6171875 0.05625 0.0375
1 0.30703125 0.90625 0.065625 0.0609375
1 0.9015625 0.52265625 0.196875 0.1921875
3 0.42890625 0.5 0.1453125 0.0625
2 0.1921875 0.5046875 0.034375 0.009375
2 0.17578125 0.515625 0.034375 0.00625
2 0.1796875 0.525 0.034375 0.0125
2 0.15859375 0.5234375 0.021875 0.009375
2 0.18515625 0.534375 0.040625 0.009375