2 0.109375 0.5 0.2140625 0.0578125
2 0.359375 0.39453125 0.1859375 0.0453125
2 0.459375 0.36875 0.146875 0.046875
2 0.07265625 0.20234375 0.1453125 0.1140625
2 0.5875 0.54140625 0.1125 0.0328125
2 0.609375 0.690625 0.1 0.04375
2 0.67109375 0.67265625 0.0859375 0.0578125
2 0.64765625 0.415625 0.09375 0.0625
2 0.83828125 0.5609375 0.046875 0.009375
2 0.853125 0.55078125 0.040625 0.0109375
2 0.834375 0.5390625 0.0484375 0.0078125
2 0.84921875 0.5296875 0.0390625 0.009375
2 0.865625 0.49140625 0.04375 0.0125
2 0.83203125 0.4640625 0.0453125 0.009375
2 0.8390625 0.75859375 0.034375 0.015625
2 0.8375 0.7359375 0.04375 0.0125
2 0.825 0.77578125 0.05 0.015625
1 0.6984375 0.43125 0.109375 0.128125
1 0.81875 0.3 0.05 0.071875
1 0.8515625 0.384375 0.053125 0.040625
2 0.84375 0.728125 0.03125 0.015625
1 0.8515625 0.69765625 0.059375 0.0390625
1 0.86640625 0.671875 0.0359375 0.028125
1 0.8671875 0.52109375 0.0421875 0.021875
1 0.90234375 0.5171875 0.025 0.015625
2 0.85703125 0.653125 0.028125 0.0125
1 0.871875 0.71328125 0.0375 0.0296875
1 0.89765625 0.63984375 0.0375 0.0140625