0 0.325 0.21015625 0.65 0.4203125
2 0.1796875 0.4203125 0.203125 0.046875
2 0.203125 0.69453125 0.196875 0.0609375
2 0.33203125 0.78359375 0.1609375 0.0609375
2 0.4140625 0.8703125 0.128125 0.08125
2 0.51796875 0.721875 0.1078125 0.05
2 0.4765625 0.6046875 0.11875 0.04375
2 0.56328125 0.8953125 0.090625 0.05
2 0.73359375 0.55546875 0.0609375 0.015625
2 0.759375 0.5234375 0.053125 0.0125
2 0.7171875 0.61640625 0.05625 0.03125
2 0.7859375 0.6609375 0.040625 0.015625
2 0.62890625 0.88203125 0.071875 0.0453125
2 0.68671875 0.8859375 0.0546875 0.040625
2 0.59140625 0.11796875 0.084375 0.0546875
2 0.67421875 0.15078125 0.0671875 0.0484375
2 0.78828125 0.51015625 0.0421875 0.0109375
1 0.18984375 0.534375 0.3796875 0.134375
1 0.64140625 0.5203125 0.1 0.046875
1 0.765625 0.78125 0.075 0.071875
1 0.76171875 0.29453125 0.0515625 0.075
1 0.70078125 0.10625 0.0765625 0.075
1 0.790625 0.384375 0.0484375 0.034375
1 0.65625 0.71953125 0.096875 0.0765625
2 0.7921875 0.459375 0.040625 0.0125
2 0.815625 0.51875 0.03125 0.00625
2 0.82578125 0.5078125 0.0296875 0.00625
2 0.81484375 0.48984375 0.0296875 0.009375
2 0.85390625 0.53515625 0.028125 0.00625
2 0.840625 0.5203125 0.025 0.009375
2 0.83125 0.48125 0.0265625 0.00625
2 0.828125 0.46875 0.028125 0.00625
2 0.8625 0.5265625 0.025 0.00625
1 0.84375 0.4890625 0.0234375 0.0140625
2 0.86953125 0.5125 0.0203125 0.003125
2 0.8625 0.50625 0.021875 0.00625
2 0.85703125 0.4984375 0.025 0.00625