2 0.946875 0.33203125 0.0375 0.071875
2 0.6328125 0.23828125 0.028125 0.0484375
2 0.55234375 0.23203125 0.015625 0.0578125
2 0.484375 0.31796875 0.021875 0.0796875
2 0.24921875 0.2671875 0.0265625 0.0546875
2 0.2359375 0.28359375 0.0375 0.0578125
2 0.2703125 0.3109375 0.04375 0.065625
2 0.115625 0.38671875 0.05625 0.0875
2 0.65 0.18671875 0.009375 0.0390625
2 0.68203125 0.19375 0.0109375 0.046875
2 0.69921875 0.20078125 0.0109375 0.0359375
2 0.7171875 0.20546875 0.0140625 0.046875
2 0.76875 0.2140625 0.021875 0.04375
1 0.1375 0.29765625 0.121875 0.0765625
1 0.2984375 0.21484375 0.071875 0.0484375
1 0.3859375 0.18828125 0.03125 0.0515625