2 0.1765625 0.621875 0.06171875 0.1390625
2 0.3609375 0.35546875 0.06015625 0.075
2 0.88359375 0.38828125 0.05703125 0.08203125
2 0.70703125 0.278125 0.03828125 0.0515625
2 0.628125 0.2703125 0.03671875 0.0625
2 0.56875 0.28046875 0.03125 0.05625
2 0.54921875 0.30078125 0.0375 0.0671875
2 0.30546875 0.20546875 0.01484375 0.04296875
2 0.28125 0.20625 0.0125 0.04375
2 0.13125 0.3796875 0.0515625 0.07890625
2 0.08515625 0.36171875 0.03671875 0.07265625
2 0.0640625 0.32734375 0.03671875 0.07734375
2 0.08515625 0.29765625 0.046875 0.05625
2 0.009375 0.3453125 0.01875 0.05234375
1 0.79375 0.3015625 0.11953125 0.075
1 0.70234375 0.21953125 0.06875 0.046875
1 0.615625 0.190625 0.0375 0.05859375
1 0.3328125 0.17421875 0.034375 0.05390625
2 0.4640625 0.16796875 0.00859375 0.025
2 0.5 0.165625 0.00859375 0.0375
2 0.3390625 0.20078125 0.01484375 0.0375
2 0.3625 0.18125 0.01015625 0.0375
1 0.29609375 0.16953125 0.03125 0.04140625