2 0.6109375 0.6265625 0.09375 0.028125
2 0.51875 0.62578125 0.115625 0.0265625
2 0.70625 0.5046875 0.0703125 0.015625
2 0.7046875 0.46484375 0.075 0.015625
2 0.653125 0.45078125 0.078125 0.0234375
2 0.5734375 0.39609375 0.109375 0.028125
2 0.4546875 0.3515625 0.1375 0.0375
2 0.64765625 0.1484375 0.0796875 0.034375
2 0.596875 0.13125 0.08125 0.025
2 0.54765625 0.16015625 0.1015625 0.0421875
2 0.66171875 0.18984375 0.08125 0.034375
2 0.6828125 0.2125 0.078125 0.025
2 0.71015625 0.2375 0.071875 0.025
2 0.7765625 0.39375 0.053125 0.021875
2 0.828125 0.4890625 0.0375 0.0125
2 0.815625 0.26640625 0.040625 0.0109375
2 0.26171875 0.15859375 0.1984375 0.065625
2 0.6234375 0.8828125 0.096875 0.05625
0 0.88046875 0.4515625 0.071875 0.03125
1 0.80625 0.296875 0.046875 0.04375
1 0.73046875 0.153125 0.1109375 0.096875
1 0.51953125 0.484375 0.190625 0.0734375
1 0.64453125 0.5625 0.140625 0.05625
1 0.6421875 0.3125 0.153125 0.1125
1 0.7203125 0.875 0.0765625 0.125
1 0.79609375 0.703125 0.05 0.075
1 0.828125 0.615625 0.05 0.04375
2 0.84375 0.50390625 0.034375 0.0078125
2 0.86015625 0.48125 0.028125 0.00625
2 0.8671875 0.49140625 0.028125 0.00625
2 0.878125 0.48671875 0.0234375 0.00625
2 0.875 0.5046875 0.021875 0.00625
2 0.8609375 0.51796875 0.03125 0.0078125
2 0.875 0.52109375 0.03125 0.0078125
2 0.8953125 0.4828125 0.021875 0.00625
2 0.890625 0.49453125 0.025 0.0078125