2 0.484375 0.36015625 0.02109375 0.084375
2 0.55546875 0.4296875 0.0296875 0.10390625
2 0.646875 0.553125 0.03671875 0.1265625
2 0.73046875 0.73671875 0.0578125 0.18203125
2 0.5671875 0.53359375 0.03515625 0.10859375
2 0.57421875 0.634375 0.04375 0.15
2 0.421875 0.521875 0.03515625 0.12890625
2 0.35 0.57578125 0.04453125 0.15703125
2 0.340625 0.43671875 0.0359375 0.10703125
2 0.39296875 0.3484375 0.025 0.09140625
2 0.45234375 0.3203125 0.021875 0.07890625
2 0.5828125 0.303125 0.04296875 0.0640625
2 0.69921875 0.934375 0.1328125 0.13046875
2 0.8828125 0.39765625 0.0515625 0.0875
2 0.0328125 0.4578125 0.059375 0.1109375
2 0.07734375 0.39375 0.040625 0.1
2 0.05 0.3609375 0.0328125 0.08671875
2 0.05546875 0.30703125 0.03515625 0.04921875
2 0.0890625 0.25859375 0.04296875 0.053125
2 0.190625 0.359375 0.034375 0.08359375
2 0.13046875 0.3375 0.028125 0.08203125
2 0.1203125 0.30390625 0.0171875 0.06015625
2 0.1546875 0.36015625 0.02421875 0.08125
2 0.16796875 0.309375 0.0265625 0.06015625
2 0.1453125 0.26875 0.02421875 0.05546875
2 0.1796875 0.27421875 0.01953125 0.05
2 0.19765625 0.2765625 0.01484375 0.0640625
2 0.22265625 0.25625 0.0203125 0.0484375
2 0.203125 0.23125 0.01484375 0.0546875
2 0.22109375 0.221875 0.0203125 0.0484375
2 0.275 0.303125 0.0359375 0.0609375
2 0.353125 0.20390625 0.01484375 0.03828125
2 0.27578125 0.209375 0.0125 0.04375
1 0.690625 0.2796875 0.0875 0.0625
1 0.70390625 0.22734375 0.075 0.04296875
1 0.615625 0.19375 0.03203125 0.05390625
1 0.309375 0.20078125 0.04375 0.059375
1 0.2859375 0.178125 0.03125 0.040625
2 0.3140625 0.16953125 0.0109375 0.01953125
1 0.3453125 0.171875 0.03046875 0.04609375