2 0.75703125 0.709375 0.0453125 0.065625
2 0.75390625 0.1046875 0.10625 0.209375
2 0.21875 0.2765625 0.06875 0.1859375
2 0.35234375 0.57578125 0.06875 0.1046875
2 0.01328125 0.51953125 0.0265625 0.0828125
2 0.2109375 0.696875 0.040625 0.075
2 0.884375 0.60859375 0.05 0.0828125
1 0.51171875 0.80703125 0.028125 0.0359375
2 0.540625 0.796875 0.0125 0.046875
1 0.296875 0.63671875 0.159375 0.109375
1 0.2828125 0.70390625 0.1203125 0.0640625
2 0.32734375 0.765625 0.0109375 0.05
2 0.30546875 0.7921875 0.009375 0.046875
2 0.2828125 0.78984375 0.015625 0.0484375
2 0.24375 0.78671875 0.009375 0.0453125
2 0.2578125 0.790625 0.009375 0.04375
1 0.37890625 0.740625 0.0859375 0.075
1 0.6171875 0.7078125 0.103125 0.084375
1 0.70234375 0.778125 0.0703125 0.05
1 0.61484375 0.8109375 0.0375 0.05
1 0.3234375 0.8203125 0.028125 0.04375