2 0.1828125 0.64765625 0.05546875 0.15703125
2 0.47578125 0.3875 0.0265625 0.10546875
2 0.728125 0.3109375 0.046875 0.0640625
2 0.8828125 0.38515625 0.0546875 0.0875
2 0.77734375 0.265625 0.03125 0.0609375
2 0.7984375 0.28046875 0.03515625 0.0609375
2 0.1859375 0.35234375 0.03359375 0.09296875
2 0.1375 0.34140625 0.02890625 0.06953125
2 0.1484375 0.28203125 0.034375 0.05546875
2 0.109375 0.2515625 0.03671875 0.05859375
2 0.075 0.3140625 0.059375 0.06640625
2 0.06875 0.40078125 0.040625 0.1015625
2 0.490625 0.19765625 0.01171875 0.04609375
2 0.47734375 0.1828125 0.01015625 0.0390625
1 0.878125 0.29609375 0.12578125 0.06953125
1 0.70546875 0.2171875 0.06875 0.0484375
1 0.615625 0.1890625 0.034375 0.0609375
2 0.5734375 0.2890625 0.01796875 0.06640625
2 0.3 0.1921875 0.0109375 0.034375
1 0.296875 0.17109375 0.03046875 0.0390625
2 0.3265625 0.175 0.0078125 0.03359375
2 0.3328125 0.159375 0.00859375 0.03203125
2 0.34921875 0.16328125 0.0078125 0.02890625
2 0.3578125 0.14140625 0.00703125 0.021875
2 0.50625 0.17890625 0.01484375 0.04140625
2 0.46328125 0.146875 0.00625 0.02890625
2 0.484375 0.14453125 0.00625 0.025
2 0.48203125 0.12578125 0.00625 0.0265625
1 0.50234375 0.13046875 0.0125 0.028125
2 0.51015625 0.15546875 0.0109375 0.03359375
2 0.51484375 0.140625 0.00625 0.025
2 0.48671875 0.11953125 0.00625 0.01953125
1 0.503125 0.109375 0.01171875 0.02109375