2 0.21875 0.7890625 0.190625 0.075
2 0.609375 0.559375 0.0875 0.05625
2 0.609375 0.11640625 0.08125 0.053125
1 0.6625 0.9015625 0.103125 0.134375
2 0.7078125 0.95078125 0.05625 0.0375
2 0.7859375 0.73828125 0.04375 0.0140625
2 0.7875 0.7171875 0.046875 0.0125
2 0.78515625 0.6953125 0.0453125 0.009375
2 0.7890625 0.65390625 0.0390625 0.0125
2 0.77265625 0.57578125 0.05 0.0234375
2 0.78984375 0.48125 0.0484375 0.009375
2 0.828125 0.49296875 0.03125 0.0078125
1 0.69453125 0.7890625 0.071875 0.10625
1 0.69765625 0.36640625 0.0953125 0.1125
1 0.7078125 0.1375 0.065625 0.11875
1 0.77578125 0.296875 0.0453125 0.06875
1 0.809375 0.38515625 0.04375 0.0390625
1 0.81796875 0.671875 0.040625 0.0390625