2 0.44453125 0.09921875 0.1203125 0.0796875
2 0.30703125 0.62734375 0.171875 0.046875
2 0.15 0.7453125 0.215625 0.078125
2 0.571875 0.77421875 0.103125 0.0703125
2 0.528125 0.56796875 0.125 0.0359375
2 0.6578125 0.39296875 0.0875 0.025
2 0.7015625 0.25546875 0.071875 0.025
2 0.6015625 0.14609375 0.090625 0.0515625
2 0.6203125 0.0609375 0.084375 0.059375
2 0.7890625 0.2890625 0.046875 0.015625
2 0.7625 0.553125 0.053125 0.01875
2 0.8125 0.33046875 0.04375 0.0140625
1 0.66484375 0.571875 0.115625 0.059375
1 0.70625 0.8734375 0.075 0.115625
1 0.78828125 0.7 0.0484375 0.06875
1 0.81875 0.61640625 0.05625 0.0421875
1 0.7703125 0.5125 0.0625 0.046875
3 0.29375 0.396875 0.446875 0.171875
3 0.86953125 0.465625 0.0359375 0.0125
3 0.86640625 0.48671875 0.075 0.0296875
1 0.753125 0.2328125 0.0765625 0.0625
1 0.68984375 0.125 0.109375 0.15
1 0.84140625 0.29296875 0.046875 0.034375
3 0.81171875 0.4546875 0.0578125 0.028125
2 0.828125 0.31875 0.040625 0.009375
3 0.86171875 0.5140625 0.04375 0.015625
2 0.8984375 0.46875 0.01875 0.00625
0 0.92734375 0.475 0.03125 0.0109375
2 0.89375 0.5078125 0.025 0.00625