2 0.053125 0.58359375 0.10625 0.14453125
2 0.2171875 0.7453125 0.07109375 0.19609375
2 0.1078125 0.940625 0.1109375 0.11796875
2 0.4234375 0.73125 0.05859375 0.184375
2 0.884375 0.3953125 0.05703125 0.09609375
2 0.275 0.20390625 0.00625 0.04140625
2 0.296875 0.20078125 0.00859375 0.0375
2 0.33203125 0.20234375 0.0125 0.034375
2 0.34765625 0.2109375 0.0140625 0.04765625
2 0.30546875 0.21171875 0.0140625 0.0484375
2 0.28359375 0.2109375 0.01328125 0.04140625
2 0.259375 0.21171875 0.0109375 0.0453125
1 0.48828125 0.29921875 0.1078125 0.0765625
1 0.7140625 0.28203125 0.103125 0.0640625
1 0.1734375 0.328125 0.12421875 0.096875
1 0.0453125 0.315625 0.090625 0.06953125
1 0.01640625 0.3921875 0.0328125 0.0734375
1 0.6140625 0.19296875 0.03828125 0.05859375
1 0.7015625 0.22265625 0.0671875 0.05703125
1 0.328125 0.18203125 0.0328125 0.04453125
1 0.29609375 0.16953125 0.028125 0.0359375
2 0.34375 0.15625 0.00703125 0.02890625
2 0.35 0.14375 0.0078125 0.0265625
2 0.49453125 0.18046875 0.009375 0.0359375
2 0.5140625 0.165625 0.00703125 0.03203125
2 0.4953125 0.1265625 0.00546875 0.025
2 0.4984375 0.13984375 0.00546875 0.02109375
2 0.50625 0.14453125 0.00625 0.025
2 0.5125 0.1265625 0.00546875 0.021875
2 0.36875 0.19765625 0.01015625 0.0375