2 0.646875 0.875 0.15625 0.0671875
2 0.7 0.8125 0.2125 0.053125
2 0.70234375 0.75625 0.184375 0.05625
2 0.45859375 0.490625 0.1078125 0.03125
2 0.934375 0.1625 0.13125 0.1
2 0.63046875 0.31328125 0.1796875 0.05625
2 0.39921875 0.11640625 0.084375 0.0578125
2 0.39765625 0.3953125 0.096875 0.034375
2 0.4640625 0.44609375 0.109375 0.0296875
2 0.37265625 0.45390625 0.078125 0.025
2 0.29296875 0.425 0.06875 0.015625
2 0.29921875 0.4625 0.065625 0.0375
2 0.2640625 0.4796875 0.05625 0.0125
2 0.2734375 0.44140625 0.0578125 0.015625
2 0.321875 0.49609375 0.078125 0.015625
2 0.28671875 0.54921875 0.0640625 0.0125
2 0.26015625 0.5203125 0.046875 0.0125
2 0.26484375 0.5703125 0.0609375 0.0171875
2 0.34296875 0.58125 0.084375 0.01875
2 0.26171875 0.6453125 0.0609375 0.01875
2 0.2296875 0.5421875 0.05 0.009375
2 0.20625 0.55859375 0.0421875 0.0109375
2 0.228125 0.503125 0.05625 0.0140625
2 0.31171875 0.87890625 0.0734375 0.03125
1 0.72734375 0.58515625 0.3015625 0.128125
1 0.29765625 0.8078125 0.1125 0.0953125
1 0.2109375 0.70546875 0.053125 0.0359375
1 0.246875 0.6859375 0.090625 0.0375
1 0.19453125 0.3828125 0.05625 0.03125
1 0.23515625 0.2984375 0.0546875 0.071875
1 0.22421875 0.4671875 0.0375 0.0375
1 0.30625 0.10859375 0.0625 0.0921875
2 0.1953125 0.5390625 0.034375 0.0078125
2 0.1953125 0.5046875 0.034375 0.009375
2 0.16484375 0.534375 0.03125 0.0078125
2 0.17578125 0.5078125 0.0265625 0.00625
2 0.1640625 0.5125 0.03125 0.00625
2 0.146875 0.4921875 0.025 0.00625
2 0.13359375 0.525 0.021875 0.00625
1 0.1125 0.51171875 0.025 0.009375
2 0.9796875 0.371875 0.040625 0.0515625