2 0.66640625 0.23984375 0.153125 0.05625
2 0.33984375 0.465625 0.08125 0.028125
2 0.39921875 0.115625 0.090625 0.05625
2 0.315625 0.1484375 0.059375 0.04375
2 0.3171875 0.290625 0.059375 0.05
2 0.2671875 0.2875 0.05 0.05
2 0.25859375 0.48984375 0.0640625 0.0171875
2 0.22109375 0.46796875 0.0484375 0.0140625
2 0.21171875 0.51875 0.0453125 0.0125
2 0.275 0.59921875 0.059375 0.0359375
2 0.26328125 0.66015625 0.0640625 0.015625
2 0.31484375 0.88984375 0.0703125 0.040625
2 0.3265625 0.9828125 0.078125 0.034375
2 0.209375 0.6375 0.04375 0.009375
1 0.77421875 0.58828125 0.3875 0.1578125
1 0.3796875 0.8296875 0.121875 0.1171875
1 0.22734375 0.2984375 0.0484375 0.065625
1 0.296875 0.0984375 0.0765625 0.065625
1 0.1890625 0.384375 0.059375 0.034375
2 0.17421875 0.5390625 0.034375 0.009375
1 0.16171875 0.51875 0.0328125 0.01875
2 0.1703125 0.6625 0.028125 0.009375
2 0.2046875 0.71796875 0.03125 0.0109375
2 0.1890625 0.478125 0.034375 0.009375
2 0.165625 0.49765625 0.034375 0.009375
2 0.146875 0.5046875 0.028125 0.009375
1 0.128125 0.5125 0.021875 0.0125
0 0.128125 0.484375 0.05625 0.025