2 0.2109375 0.353125 0.03203125 0.09296875
2 0.4234375 0.2546875 0.01875 0.05703125
2 0.53828125 0.34375 0.025 0.084375
2 0.56875 0.4359375 0.02734375 0.10859375
2 0.6265625 0.47578125 0.02890625 0.115625
2 0.3625 0.9 0.065625 0.2
2 0.09375 0.3796875 0.04453125 0.0765625
2 0.01640625 0.371875 0.0328125 0.065625
2 0.7484375 0.4 0.03828125 0.09140625
2 0.2703125 0.228125 0.01875 0.05078125
2 0.3046875 0.2140625 0.01953125 0.04453125
1 0.55 0.265625 0.05234375 0.078125
2 0.5390625 0.19921875 0.01015625 0.04453125
1 0.21640625 0.259375 0.0734375 0.0875
1 0.87734375 0.290625 0.1171875 0.0765625
1 0.703125 0.21484375 0.07421875 0.05390625
1 0.6171875 0.1796875 0.0390625 0.0515625
1 0.50703125 0.20625 0.034375 0.05703125
1 0.0609375 0.30234375 0.121875 0.1078125
3 0.37109375 0.603125 0.1796875 0.35390625
3 0.4578125 0.1671875 0.01875 0.05390625
3 0.465625 0.13046875 0.01171875 0.04140625
3 0.4859375 0.1234375 0.0234375 0.06953125
3 0.5125 0.134375 0.01171875 0.046875
2 0.2828125 0.196875 0.01328125 0.03046875
1 0.29609375 0.16640625 0.0296875 0.04453125
2 0.1890625 0.234375 0.01484375 0.04453125
2 0.35 0.146875 0.00859375 0.03046875
2 0.36875 0.17890625 0.01015625 0.03359375