2 0.625 0.8953125 0.0625 0.209375
2 0.690625 0.725 0.05078125 0.175
2 0.1328125 0.48828125 0.0625 0.1125
2 0.621875 0.40546875 0.06328125 0.09453125
2 0.8625 0.36171875 0.04453125 0.084375
2 0.884375 0.40078125 0.05390625 0.07109375
2 0.4359375 0.22109375 0.01484375 0.046875
2 0.47734375 0.2234375 0.0125 0.05
2 0.38671875 0.25390625 0.03203125 0.05
2 0.36171875 0.24296875 0.0140625 0.04921875
2 0.32109375 0.23828125 0.0109375 0.0515625
1 0.2328125 0.3 0.10390625 0.08359375
2 0.2046875 0.24375 0.00859375 0.04296875
2 0.21640625 0.24609375 0.009375 0.02890625
2 0.23828125 0.23671875 0.0078125 0.03046875
2 0.2546875 0.2359375 0.01015625 0.034375
2 0.28203125 0.25234375 0.01328125 0.0546875
1 0.0359375 0.31171875 0.071875 0.0875
1 0.6796875 0.33984375 0.14140625 0.09609375
1 0.7015625 0.2296875 0.07109375 0.05390625
1 0.615625 0.19453125 0.04296875 0.05
1 0.4828125 0.19375 0.03359375 0.04296875
1 0.325 0.184375 0.0390625 0.053125