2 0.22109375 0.0796875 0.0875 0.159375
2 0.221875 0.3046875 0.06875 0.18125
2 0.33125 0.409375 0.090625 0.159375
2 0.42734375 0.5390625 0.0421875 0.121875
2 0.47265625 0.37265625 0.0390625 0.1578125
2 0.6109375 0.3484375 0.05 0.175
2 0.4625 0.715625 0.04375 0.065625
2 0.13125 0.71953125 0.05625 0.0734375
2 0.05078125 0.7234375 0.0546875 0.071875
2 0.2640625 0.8234375 0.0125 0.040625
2 0.8671875 0.64453125 0.05625 0.084375
1 0.24140625 0.72890625 0.1140625 0.0890625
1 0.4171875 0.76328125 0.08125 0.090625
1 0.53671875 0.7921875 0.053125 0.0625
1 0.70078125 0.80390625 0.06875 0.05625
1 0.6125 0.83515625 0.0375 0.0578125
2 0.278125 0.83203125 0.0125 0.0296875
1 0.303125 0.834375 0.0375 0.053125
1 0.328125 0.85078125 0.025 0.0421875
1 0.34609375 0.8640625 0.0234375 0.028125
2 0.46875 0.91171875 0.00625 0.0203125
2 0.4921875 0.896875 0.009375 0.021875
2 0.509375 0.88828125 0.00625 0.0265625