2 0.03203125 0.5875 0.0640625 0.065625
2 0.68984375 0.73125 0.0625 0.05
2 0.61640625 0.8859375 0.0953125 0.05625
2 0.7234375 0.79921875 0.059375 0.0421875
2 0.75625 0.55234375 0.053125 0.015625
2 0.7515625 0.45703125 0.05625 0.0171875
2 0.6015625 0.2359375 0.096875 0.028125
2 0.5828125 0.1515625 0.090625 0.034375
2 0.69296875 0.1328125 0.0703125 0.034375
2 0.68828125 0.178125 0.084375 0.028125
2 0.7265625 0.20546875 0.065625 0.021875
2 0.7546875 0.2265625 0.05625 0.021875
2 0.77421875 0.2578125 0.05 0.021875
2 0.77421875 0.1921875 0.0578125 0.021875
2 0.66796875 0.21328125 0.0765625 0.0234375
2 0.809375 0.47109375 0.04375 0.009375
2 0.81953125 0.453125 0.0375 0.009375
2 0.828125 0.44453125 0.034375 0.0078125
1 0.521875 0.596875 0.203125 0.109375
1 0.70859375 0.878125 0.0703125 0.125
1 0.79921875 0.50703125 0.0625 0.0296875
1 0.7828125 0.70234375 0.0515625 0.06875
1 0.8140625 0.6140625 0.053125 0.034375
2 0.821875 0.4765625 0.034375 0.009375
3 0.859375 0.4921875 0.05 0.021875
2 0.840625 0.525 0.034375 0.00625
2 0.8359375 0.46875 0.03125 0.00625
2 0.859375 0.4515625 0.028125 0.009375
2 0.85234375 0.4625 0.034375 0.00625
2 0.865625 0.4671875 0.025 0.009375
2 0.8625 0.51796875 0.025 0.0046875