2 0.71875 0.85859375 0.06640625 0.2140625
2 0.39453125 0.840625 0.0578125 0.2234375
2 0.1859375 0.5765625 0.0453125 0.1359375
2 0.1984375 0.728125 0.065625 0.18359375
2 0.2703125 0.4734375 0.0390625 0.11640625
2 0.459375 0.46015625 0.02890625 0.1234375
2 0.88828125 0.38203125 0.059375 0.0859375
2 0.79921875 0.2796875 0.0390625 0.0625
2 0.72890625 0.30859375 0.04609375 0.0640625
2 0.72734375 0.3125 0.0484375 0.06640625
2 0.42578125 0.3 0.02109375 0.07265625
2 0.43359375 0.23828125 0.01171875 0.05078125
2 0.46015625 0.259375 0.01484375 0.03515625
2 0.4609375 0.31015625 0.01875 0.06484375
2 0.40078125 0.29453125 0.01953125 0.06640625
2 0.4828125 0.25234375 0.015625 0.0546875
2 0.4484375 0.21484375 0.0109375 0.04140625
2 0.459375 0.19453125 0.01015625 0.0453125
2 0.4328125 0.18125 0.009375 0.04375
2 0.55703125 0.26953125 0.01484375 0.06875
2 0.540625 0.19765625 0.00859375 0.0484375
2 0.24453125 0.24375 0.0234375 0.053125
2 0.20546875 0.2515625 0.021875 0.05234375
2 0.18203125 0.25859375 0.01640625 0.065625
2 0.26015625 0.196875 0.01796875 0.04609375
1 0.5234375 0.378125 0.07734375 0.1234375
1 0.8765625 0.29765625 0.1203125 0.084375
3 0.06875 0.503125 0.13671875 0.1765625
3 0.4953125 0.190625 0.03984375 0.0625
1 0.6984375 0.21328125 0.071875 0.04609375
1 0.6171875 0.1875 0.03203125 0.06640625
2 0.51015625 0.1625 0.0140625 0.0390625
2 0.50234375 0.1328125 0.0078125 0.0234375
2 0.51640625 0.13203125 0.00625 0.021875
2 0.465625 0.10859375 0.00546875 0.01953125
1 0.4875 0.1125 0.01171875 0.025
3 0.475 0.09609375 0.00859375 0.03046875
3 0.4890625 0.0859375 0.01328125 0.03359375
1 0.50703125 0.115625 0.009375 0.0265625
3 0.5015625 0.096875 0.00625 0.02109375
2 0.3078125 0.1875 0.009375 0.03359375
2 0.3203125 0.19609375 0.01171875 0.03359375
1 0.29296875 0.1640625 0.0265625 0.0390625
2 0.32421875 0.16015625 0.0078125 0.0375
2 0.34375 0.17265625 0.0078125 0.03203125
2 0.3484375 0.15234375 0.0140625 0.034375