2 0.3890625 0.88125 0.08125 0.0578125
2 0.74296875 0.2171875 0.190625 0.0625
2 0.53984375 0.1078125 0.1234375 0.065625
2 0.4359375 0.21796875 0.096875 0.078125
2 0.3296875 0.12265625 0.0875 0.0515625
1 0.36953125 0.21953125 0.0921875 0.1609375
2 0.3015625 0.20703125 0.040625 0.040625
2 0.29765625 0.9109375 0.065625 0.046875
2 0.24765625 0.5328125 0.0453125 0.0125
1 0.2640625 0.328125 0.040625 0.096875
2 0.2265625 0.34609375 0.04375 0.0140625
2 0.2234375 0.325 0.040625 0.0125
2 0.21015625 0.3046875 0.0453125 0.009375
2 0.209375 0.28203125 0.04375 0.0109375
2 0.21015625 0.2609375 0.0359375 0.009375
2 0.2125 0.24453125 0.046875 0.0109375
1 0.3078125 0.31875 0.071875 0.1125
1 0.2921875 0.725 0.08125 0.10625
1 0.225 0.7 0.053125 0.075
1 0.1921875 0.6140625 0.046875 0.03125
1 0.2109375 0.52421875 0.04375 0.0390625