2 0.8828125 0.6125 0.059375 0.084375
2 0.53359375 0.6453125 0.053125 0.08125
2 0.63203125 0.72109375 0.0390625 0.059375
2 0.5609375 0.7265625 0.034375 0.065625
2 0.496875 0.7265625 0.0390625 0.053125
2 0.46015625 0.70703125 0.0421875 0.0671875
2 0.27734375 0.6296875 0.0578125 0.08125
2 0.21796875 0.64609375 0.0546875 0.0765625
2 0.12265625 0.49296875 0.0578125 0.1078125
2 0.16171875 0.68125 0.046875 0.065625
2 0.20625 0.7203125 0.046875 0.05625
2 0.13046875 0.69609375 0.03125 0.065625
2 0.09296875 0.61640625 0.0578125 0.0734375
2 0.040625 0.6828125 0.059375 0.065625
2 0.2703125 0.80390625 0.009375 0.040625
2 0.3046875 0.78984375 0.0125 0.0421875
2 0.28359375 0.79453125 0.0140625 0.0484375
1 0.740625 0.70234375 0.121875 0.0796875
1 0.703125 0.77734375 0.06875 0.0484375
1 0.6171875 0.809375 0.0375 0.05625
1 0.33125 0.82421875 0.0375 0.0484375
2 0.4734375 0.84765625 0.009375 0.0328125
2 0.496875 0.85546875 0.00625 0.0359375
2 0.33984375 0.79921875 0.0125 0.0375
2 0.36015625 0.8078125 0.0109375 0.040625
1 0.296875 0.83125 0.028125 0.040625
2 0.35 0.85546875 0.00625 0.025
2 0.3609375 0.86484375 0.00625 0.0265625