2 0.125 0.646875 0.0671875 0.15703125
2 0.1875 0.7 0.05390625 0.2109375
2 0.24375 0.70234375 0.0578125 0.184375
2 0.509375 0.45859375 0.0296875 0.10859375
2 0.8375 0.934375 0.09921875 0.13046875
2 0.68671875 0.63046875 0.05625 0.18046875
2 0.88359375 0.39921875 0.0578125 0.084375
2 0.6046875 0.39765625 0.034375 0.096875
2 0.55390625 0.4640625 0.03046875 0.11015625
2 0.54609375 0.37265625 0.025 0.078125
2 0.575 0.29296875 0.015625 0.06796875
2 0.5375 0.29921875 0.0359375 0.065625
2 0.5203125 0.2640625 0.0125 0.05703125
2 0.55859375 0.2734375 0.01484375 0.0578125
2 0.50390625 0.321875 0.01640625 0.078125
2 0.45078125 0.28671875 0.0125 0.06484375
2 0.4796875 0.26015625 0.01171875 0.04765625
2 0.4296875 0.26484375 0.0171875 0.0609375
2 0.41875 0.34296875 0.01875 0.08515625
2 0.3546875 0.26171875 0.01796875 0.06015625
2 0.4578125 0.2296875 0.00859375 0.04921875
2 0.44140625 0.20625 0.0109375 0.0421875
2 0.496875 0.228125 0.0140625 0.05546875
2 0.12109375 0.31171875 0.03125 0.0734375
1 0.41484375 0.72734375 0.128125 0.3015625
1 0.1921875 0.29765625 0.09453125 0.1125
1 0.29453125 0.2109375 0.0359375 0.053125
1 0.3140625 0.246875 0.03671875 0.09140625
1 0.6171875 0.19453125 0.03203125 0.05546875
1 0.7015625 0.23515625 0.0734375 0.05390625
1 0.5328125 0.22421875 0.03828125 0.0375
1 0.89140625 0.30625 0.0921875 0.0625
2 0.4609375 0.1953125 0.0078125 0.034375
2 0.4953125 0.1953125 0.00859375 0.034375
2 0.465625 0.16484375 0.0078125 0.03203125
2 0.4921875 0.17578125 0.00703125 0.0265625
2 0.4875 0.1640625 0.00703125 0.03046875
2 0.5078125 0.146875 0.00703125 0.0234375
2 0.475 0.13359375 0.00546875 0.021875
1 0.48828125 0.1125 0.009375 0.025
2 0.628125 0.9796875 0.0515625 0.040625