2 0.590625 0.50546875 0.03828125 0.128125
2 0.8828125 0.39921875 0.05546875 0.08203125
2 0.846875 0.31875 0.04453125 0.07109375
2 0.92734375 0.3359375 0.034375 0.053125
2 0.5046875 0.3390625 0.021875 0.08046875
2 0.52578125 0.29453125 0.0125 0.05625
2 0.38046875 0.27421875 0.03046875 0.05859375
2 0.253125 0.24609375 0.02109375 0.0640625
2 0.3421875 0.2171875 0.01328125 0.0484375
1 0.4765625 0.2578125 0.03984375 0.0625
2 0.5109375 0.25234375 0.00546875 0.0484375
2 0.5203125 0.26484375 0.00859375 0.0484375
2 0.5015625 0.2234375 0.0078125 0.04453125
1 0.0078125 0.328125 0.015625 0.065625
2 0.0375 0.33203125 0.03671875 0.07265625
0 0.53828125 0.20234375 0.05 0.1125
1 0.3359375 0.6796875 0.146875 0.3484375
1 0.703125 0.23828125 0.06640625 0.05703125
1 0.615625 0.19609375 0.04140625 0.053125
2 0.4515625 0.18984375 0.00859375 0.03203125
2 0.4609375 0.17421875 0.00859375 0.0265625
1 0.4859375 0.1828125 0.02109375 0.040625
1 0.90625 0.30390625 0.0609375 0.05859375
2 0.4546875 0.1578125 0.00546875 0.0234375
2 0.2921875 0.19453125 0.01015625 0.04140625
2 0.3375 0.17265625 0.00625 0.02890625
1 0.0078125 0.2796875 0.01484375 0.040625