2 0.50546875 0.409375 0.128125 0.0375
2 0.39921875 0.1171875 0.0828125 0.05625
2 0.31875 0.153125 0.071875 0.04375
2 0.3359375 0.07265625 0.053125 0.034375
2 0.3390625 0.4953125 0.08125 0.021875
2 0.29453125 0.47421875 0.05625 0.0125
2 0.27421875 0.61953125 0.0578125 0.0296875
2 0.24609375 0.746875 0.0640625 0.021875
2 0.2171875 0.6578125 0.046875 0.0125
1 0.2578125 0.5234375 0.0625 0.040625
2 0.25234375 0.4890625 0.0484375 0.00625
2 0.26484375 0.4796875 0.0484375 0.009375
2 0.2234375 0.4984375 0.04375 0.009375
1 0.328125 0.9921875 0.065625 0.015625
2 0.33203125 0.9625 0.071875 0.0375
0 0.20234375 0.46171875 0.1125 0.05
1 0.6796875 0.6640625 0.346875 0.146875
1 0.23828125 0.296875 0.0578125 0.065625
1 0.19609375 0.384375 0.053125 0.040625
2 0.18984375 0.5484375 0.0328125 0.009375
2 0.17421875 0.5390625 0.0265625 0.009375
1 0.1828125 0.5140625 0.040625 0.021875
1 0.30390625 0.09375 0.0578125 0.0625
2 0.1578125 0.5453125 0.021875 0.00625
2 0.19453125 0.7078125 0.0421875 0.009375
2 0.17265625 0.6625 0.0296875 0.00625
1 0.2796875 0.9921875 0.040625 0.015625