2 0.0515625 0.9125 0.103125 0.11875
2 0.1296875 0.2390625 0.228125 0.078125
2 0.5671875 0.171875 0.10625 0.04375
2 0.5359375 0.8859375 0.103125 0.0625
2 0.5859375 0.8734375 0.09375 0.034375
2 0.78046875 0.759375 0.046875 0.025
1 0.671875 0.74375 0.128125 0.11875
2 0.7515625 0.77109375 0.028125 0.0203125
2 0.82109375 0.56484375 0.0390625 0.0109375
1 0.84921875 0.7046875 0.040625 0.028125
2 0.83828125 0.68828125 0.0375 0.0109375
2 0.8421875 0.6703125 0.04375 0.0125
2 0.83359375 0.64140625 0.04375 0.0078125
1 0.71015625 0.8375 0.090625 0.08125
1 0.64609375 0.9546875 0.1484375 0.090625
1 0.40546875 0.41015625 0.259375 0.1234375
1 0.7109375 0.12265625 0.071875 0.125
1 0.790625 0.2953125 0.0484375 0.065625
1 0.821875 0.38359375 0.05625 0.028125
1 0.80703125 0.70625 0.046875 0.04375
3 0.5203125 0.6265625 0.2125 0.078125
3 0.79296875 0.51328125 0.1546875 0.0546875
3 0.8234375 0.48046875 0.0609375 0.015625
3 0.8203125 0.5453125 0.05625 0.01875
2 0.86875 0.5421875 0.034375 0.00625
2 0.8796875 0.53125 0.028125 0.009375
0 0.91796875 0.5296875 0.0390625 0.015625
2 0.853125 0.65 0.03125 0.009375